s_m,distance_km,latitude,longitude,v_safe_kmh,r_min_m,stop_event,zone_type,zone_id,glide_ceiling_kmh,strategy_state,strategy_v_kmh,turn_entry
0.0,0.0,25.488415852960205,51.45018741356243,inf,inf,True,straight,-1,0.0,accel,0.0,False
5.223524091758317,0.0052235240917583164,25.488456810871455,51.45016167989994,inf,inf,False,straight,-1,60.00000000000001,accel,10.6199335992484,False
10.2014187964106,0.0102014187964106,25.48849576814852,51.45013701273625,inf,inf,False,straight,-1,60.00000000000001,accel,14.841243609486266,False
15.185423535453964,0.015185423535453964,25.48853472553825,51.4501122241018,inf,inf,False,straight,-1,60.00000000000001,accel,18.107290256607456,False
20.193905701219883,0.020193905701219882,25.4885738405863,51.45008724963076,inf,inf,False,straight,-1,60.00000000000001,accel,20.880945994225872,False
25.19999877471134,0.025199998774711338,25.488612910321496,51.4500622364867,inf,inf,False,straight,-1,60.00000000000001,accel,23.32599980928964,False
30.200335127485587,0.030200335127485586,25.4886519152098,51.45003721439266,inf,inf,False,straight,-1,60.00000000000001,accel,25.32195751861032,False
35.19356512303047,0.035193565123030464,25.488690850091363,51.45001220031393,inf,inf,False,straight,-1,60.00000000000001,accel,27.018742047329383,False
40.20207593336746,0.040202075933367463,25.488729896217265,51.44998709475425,inf,inf,False,straight,-1,60.00000000000001,accel,28.51058085951102,False
45.21641503002024,0.04521641503002024,25.488768982163656,51.44996194938349,inf,inf,False,straight,-1,60.00000000000001,accel,29.844626008064527,False
50.22344031167242,0.05022344031167242,25.48880800656967,51.449936832146506,inf,inf,False,straight,-1,60.00000000000001,accel,31.050011655314396,False
55.23317301975447,0.055233173019754465,25.488847050794792,51.44991169891056,inf,inf,False,straight,-1,60.00000000000001,accel,31.06926958947514,False
60.23928324418042,0.060239283244180424,25.488886066974786,51.449886584201295,inf,inf,False,straight,-1,60.00000000000001,accel,31.19719452054952,False
65.26019169505861,0.0652601916950586,25.488925202404417,51.44986140263631,inf,inf,False,straight,-1,60.00000000000001,accel,31.313219852862968,False
70.2505124709438,0.0702505124709438,25.4889641019494,51.44983637925188,inf,inf,False,straight,-1,60.00000000000001,accel,31.415914423469324,False
75.22165849044302,0.07522165849044302,25.4890028566592,51.449811460756216,inf,inf,False,straight,-1,60.00000000000001,accel,31.504713503842435,False
80.19022295768362,0.08019022295768362,25.489041598866116,51.44978656959153,inf,inf,False,straight,-1,60.00000000000001,accel,31.586916324655373,False
85.19848404831043,0.08519848404831043,25.48908066455373,51.44976150591752,inf,inf,False,straight,-1,60.00000000000001,accel,31.66186723130946,False
90.21067883410372,0.09021067883410372,25.48911976946973,51.4497364387244,inf,inf,False,straight,-1,60.00000000000001,accel,31.725789416533797,False
95.21256734174209,0.09521256734174209,25.48915879983308,51.44971143416436,inf,inf,False,straight,-1,60.00000000000001,accel,31.779010791799124,False
100.2373909557018,0.1002373909557018,25.489198021495017,51.44968633832471,inf,inf,False,straight,-1,60.00000000000001,accel,31.822890363702943,False
105.27055787768528,0.10527055787768527,25.489237319341864,51.44966122180209,inf,inf,False,straight,-1,60.00000000000001,accel,31.854635377575622,False
110.27654114827055,0.11027654114827055,25.489276413327804,51.4496362568532,inf,inf,False,straight,-1,60.00000000000001,accel,31.87792738116617,False
115.2574884191524,0.1152574884191524,25.489315319804547,51.44961143198214,inf,inf,False,straight,-1,60.00000000000001,accel,31.89594273258889,False
120.25945857796953,0.12025945857796952,25.48935439971008,51.44958651987105,inf,inf,False,straight,-1,60.00000000000001,accel,31.90981475945765,False
125.25797311491752,0.12525797311491751,25.48939345883159,51.449561636803125,inf,inf,False,straight,-1,60.00000000000001,cruise,31.920293255020677,False
130.25671971629765,0.13025671971629765,25.48943252540295,51.44953676331861,inf,inf,False,straight,-1,60.00000000000001,cruise,31.74943696308238,False
135.25416823853908,0.13525416823853909,25.489471586982717,51.4495119061167,inf,inf,False,straight,-1,60.00000000000001,cruise,31.576102135664406,False
140.25215946239058,0.14025215946239059,25.489510658162743,51.44948705643528,inf,inf,False,straight,-1,60.00000000000001,cruise,31.400125588027528,False
145.26507912400345,0.14526507912400344,25.489549853143345,51.449462146079775,inf,inf,False,straight,-1,60.00000000000001,cruise,31.22136231236237,False
150.26688914939552,0.1502668891493955,25.489588966618424,51.44943730116367,inf,inf,False,straight,-1,60.00000000000001,cruise,31.040379214555507,False
155.27307971717948,0.1552730797171795,25.48962812090112,51.4494124470094,inf,inf,False,straight,-1,60.00000000000001,cruise,30.85959015731608,False
160.29121381448638,0.16029121381448638,25.489667376304205,51.449387548299065,inf,inf,False,straight,-1,60.00000000000001,cruise,30.67990086015317,False
165.29559333140327,0.16529559333140326,25.48970653265889,51.44936273419842,inf,inf,False,straight,-1,60.00000000000001,accel,30.50755336045083,False
170.28961977815888,0.17028961977815887,25.489745617174822,51.44933798899557,inf,inf,False,straight,-1,60.00000000000001,accel,30.538258808347447,False
175.28880172709887,0.17528880172709888,25.48978475198131,51.449313237311735,inf,inf,False,straight,-1,60.00000000000001,accel,30.57369322368855,False
180.2605844831068,0.1802605844831068,25.489823684658656,51.449288645009815,inf,inf,False,straight,-1,60.00000000000001,accel,30.596760862395097,False
185.232783921784,0.185232783921784,25.48986263568592,51.44926407965077,inf,inf,False,straight,-1,60.00000000000001,accel,30.596760862395097,False
190.2423821731063,0.1902423821731063,25.4899018994304,51.44923936754629,inf,inf,False,straight,-1,60.00000000000001,accel,30.596760862395097,False
195.2487532967984,0.19524875329679842,25.489941147569898,51.44921469004834,inf,inf,False,straight,-1,60.00000000000001,accel,30.596760862395097,False
200.262590133342,0.200262590133342,25.48998046412003,51.4491899948308,inf,inf,False,straight,-1,60.00000000000001,accel,30.596760862395097,False
205.27017046141492,0.2052701704614149,25.490019738513432,51.44916534377175,inf,inf,False,straight,-1,60.00000000000001,accel,30.596760862395097,False
210.26916147291092,0.21026916147291091,25.490058950980128,51.44914074551372,inf,inf,False,straight,-1,60.00000000000001,accel,30.596760862395097,False
215.26920636046123,0.21526920636046123,25.49009817671188,51.44911615174068,inf,inf,False,straight,-1,60.00000000000001,accel,30.596760862395097,False
220.2696301450099,0.2202696301450099,25.490137409827668,51.44909156464353,inf,inf,False,straight,-1,60.00000000000001,accel,30.596760862395097,False
225.26651970246309,0.22526651970246309,25.49017661922064,51.44906700268326,inf,inf,False,straight,-1,60.00000000000001,accel,30.596760862395097,False
230.27000193095807,0.23027000193095806,25.490215884969466,51.44904241727726,inf,inf,False,straight,-1,60.00000000000001,accel,30.596760862395097,False
235.2702408449697,0.2352702408449697,25.49025512920261,51.44901785543863,inf,inf,False,straight,-1,60.00000000000001,accel,30.596760862395097,False
240.27189528654125,0.24027189528654125,25.49029438879461,51.44899329488641,inf,inf,False,straight,-1,60.00000000000001,accel,30.596760862395097,False
245.271119419512,0.245271119419512,25.490333634214995,51.448968755783575,inf,inf,False,straight,-1,60.00000000000001,accel,30.596760862395097,False
250.27186117794798,0.250271861177948,25.490372897507367,51.4489442207972,inf,inf,False,straight,-1,60.00000000000001,accel,30.641223164085385,False
255.26617804787804,0.25526617804787805,25.490412117169097,51.44891973056969,inf,inf,False,straight,-1,60.00000000000001,accel,30.68085764160432,False
260.2763780314726,0.2602763780314726,25.49045147132302,51.44889518144092,inf,inf,False,straight,-1,60.00000000000001,accel,30.71943841535785,False
265.2823656495086,0.26528236564950863,25.490490807216048,51.44887068181407,inf,inf,False,straight,-1,60.00000000000001,accel,30.753498120145288,False
270.30749433567894,0.27030749433567897,25.490530312906287,51.4488461263253,inf,inf,False,straight,-1,60.00000000000001,accel,30.78864134927462,False
275.3308838962357,0.2753308838962357,25.49056983517075,51.44882163847412,inf,inf,False,straight,-1,60.00000000000001,accel,30.824537015050044,False
280.3036539335839,0.2803036539335839,25.490609008866016,51.44879749494476,inf,inf,False,straight,-1,60.00000000000001,accel,30.861674618578117,False
285.2132215244281,0.2852132215244281,25.490647748722207,51.44877378480614,inf,inf,False,straight,-1,60.00000000000001,accel,30.90013958039393,False
290.20729899311925,0.29020729899311926,25.49068722475329,51.44874980451098,inf,inf,False,straight,-1,60.00000000000001,accel,30.938366646569943,False
295.2529163868818,0.2952529163868818,25.490727157157263,51.448725674812266,inf,inf,False,straight,-1,60.00000000000001,accel,30.98212638134209,False
300.2951790651859,0.3002951790651859,25.490767076549663,51.44870158836279,inf,inf,False,straight,-1,60.00000000000001,accel,31.03219919641888,False
305.32724169362507,0.3053272416936251,25.490806915594906,51.44867755145499,inf,inf,False,straight,-1,60.00000000000001,accel,31.08422660283104,False
310.3038012550288,0.3103038012550288,25.490846285924828,51.448653720851055,inf,inf,False,straight,-1,60.00000000000001,accel,31.134848837131912,False
315.25050438066035,0.3152505043806603,25.4908853906784,51.448629974421,inf,inf,False,straight,-1,60.00000000000001,accel,31.18210478214944,False
320.2513729891294,0.32025137298912937,25.490924895749284,51.4486059123623,inf,inf,False,straight,-1,60.00000000000001,accel,31.22945597457613,False
325.25218804136034,0.32525218804136036,25.49096438312865,51.448581816192245,inf,inf,False,straight,-1,60.00000000000001,accel,31.271017417882376,False
330.2529714049407,0.3302529714049407,25.491003857179997,51.44855769418898,inf,inf,False,straight,-1,60.00000000000001,accel,31.29433893718037,False
335.2531408709251,0.3352531408709251,25.491043316470947,51.44853355547085,inf,inf,False,straight,-1,60.00000000000001,accel,31.313527252938403,False
340.25368897243885,0.34025368897243885,25.49108277105456,51.448509399667294,inf,inf,False,straight,-1,60.00000000000001,accel,31.310152437973,False
345.2486864744419,0.3452486864744419,25.4911221763228,51.44848525973829,inf,inf,False,straight,-1,60.00000000000001,accel,31.286906513760023,False
350.2549696711467,0.35025496967114667,25.49116166512407,51.44846105437848,inf,inf,False,straight,-1,60.00000000000001,accel,31.252135830952245,False
355.2727197153504,0.35527271971535035,25.491201239969357,51.44843678485927,inf,inf,False,straight,-1,60.00000000000001,accel,31.184989078530545,False
360.2852284487095,0.3602852284487095,25.491240773849945,51.44841254142965,inf,inf,False,straight,-1,60.00000000000001,accel,31.092236466191927,False
365.29436270943626,0.36529436270943627,25.491280282748598,51.44838831755176,inf,inf,False,straight,-1,60.00000000000001,cruise,30.985466931694894,False
370.28259929007874,0.37028259929007873,25.49131963456508,51.44836421006888,inf,inf,False,straight,-1,60.00000000000001,cruise,30.67602847624749,False
375.2557307268973,0.3752557307268973,25.4913588749419,51.44834019089153,inf,inf,False,straight,-1,60.00000000000001,cruise,30.357670187904525,False
380.2471582776255,0.3802471582776255,25.49139826523439,51.4483160943542,inf,inf,False,straight,-1,60.00000000000001,cruise,30.035899542262957,False
385.2431275874192,0.38524312758741924,25.491437696716595,51.448291986502014,inf,inf,False,straight,-1,60.00000000000001,cruise,29.707394060613986,False
390.239225694101,0.39023922569410097,25.491477134747083,51.44826788901015,inf,inf,False,straight,-1,60.00000000000001,cruise,29.37475221628994,False
395.2434341543213,0.3952434341543213,25.49151664296762,51.448243764654215,inf,inf,False,straight,-1,60.00000000000001,cruise,29.041093976492927,False
400.2588370129013,0.4002588370129013,25.491556246834428,51.44821960077745,inf,inf,False,straight,-1,60.00000000000001,cruise,28.708928037569084,False
405.26699587072267,0.4052669958707227,25.491595802841196,51.44819549038928,inf,inf,False,straight,-1,60.00000000000001,cruise,28.389314775749803,False
410.2611363627353,0.41026113636273526,25.491635259246543,51.44817146963868,inf,inf,False,straight,-1,60.00000000000001,cruise,28.077490087795937,False
415.2481410120831,0.4152481410120831,25.49167467148975,51.44814750757158,inf,inf,False,straight,-1,60.00000000000001,cruise,27.774421577587017,False
420.240515047519,0.420240515047519,25.49171413987776,51.44812354708842,inf,inf,False,straight,-1,60.00000000000001,cruise,27.48117683095302,False
425.2028545565787,0.4252028545565787,25.491753390314805,51.44809976975832,inf,inf,False,straight,-1,60.00000000000001,cruise,27.19320351742565,False
430.1972095283156,0.43019720952831564,25.491792916228626,51.448075883635575,inf,inf,False,straight,-1,60.00000000000001,cruise,26.90888818564775,False
435.2236227139494,0.4352236227139494,25.49183272057835,51.44805189389865,inf,inf,False,straight,-1,60.00000000000001,cruise,26.633021364868924,False
440.22633507245655,0.44022633507245656,25.491872361415385,51.44802806601514,inf,inf,False,straight,-1,60.00000000000001,cruise,26.367873043984517,False
445.2183950533275,0.44521839505332755,25.491911942518687,51.44800433874495,inf,inf,False,straight,-1,60.00000000000001,cruise,26.112826336417708,False
450.2339928875238,0.4502339928875238,25.49195173665452,51.44798055312502,inf,inf,False,straight,-1,60.00000000000001,cruise,25.86444590784955,False
455.23976176795526,0.4552397617679553,25.49199148392109,51.44795687738963,inf,inf,False,straight,-1,60.00000000000001,cruise,25.61767789299717,False
460.2150302482008,0.46021503024820076,25.49203102748063,51.447933424456735,inf,inf,False,straight,-1,60.00000000000001,cruise,25.370262709208586,False
465.2385545981169,0.46523855459811686,25.492070994537137,51.44790982598199,inf,inf,False,straight,-1,60.00000000000001,cruise,25.116923403261428,False
470.2337653068605,0.4702337653068605,25.492110784875877,51.44788646054853,inf,inf,False,straight,-1,60.00000000000001,cruise,24.85934140602012,False
475.18464473823695,0.47518464473823696,25.49215027993716,51.447863422418266,inf,inf,False,straight,-1,60.00000000000001,cruise,24.59877443576952,False
480.1878098703086,0.4801878098703086,25.492190253494154,51.44784026914166,inf,inf,False,straight,-1,60.00000000000001,cruise,24.331504480554276,False
485.2159797437931,0.4852159797437931,25.492230491795716,51.44781713675561,inf,inf,False,straight,-1,60.00000000000001,accel,24.054102444826448,False
490.2091187083641,0.4902091187083641,25.492270522924983,51.44779432062295,inf,inf,False,straight,-1,60.00000000000001,accel,24.086893323240204,False
495.22279822129457,0.49522279822129456,25.492310803151423,51.44777159125029,inf,inf,False,straight,-1,60.00000000000001,accel,24.108565007437196,False
500.2793204843786,0.5002793204843786,25.49235152941591,51.4477488879659,inf,inf,False,straight,-1,60.00000000000001,accel,24.112465997572315,False
505.2990454560711,0.5052990454560711,25.49239209515937,51.44772664806628,inf,inf,False,straight,-1,60.00000000000001,accel,24.100685627452748,False
510.3073590345621,0.5103073590345621,25.49243272796932,51.44770481480928,inf,inf,False,straight,-1,60.00000000000001,accel,24.073283436828174,False
515.3591705572716,0.5153591705572715,25.49247390353152,51.4476832259111,inf,inf,False,straight,-1,60.00000000000001,accel,24.02940588362036,False
520.4368748028013,0.5204368748028013,25.4925155404372,51.44766211536167,75.5,52.7,False,turn,1,60.00000000000001,accel,23.96298680098223,True
525.4553988576192,0.5254553988576193,25.49255704157073,51.44764210845769,75.5,52.7,False,turn,1,60.00000000000001,accel,23.87833093378768,False
530.3972941946055,0.5303972941946055,25.4925983510718,51.44762355940504,75.5,52.7,False,turn,1,60.00000000000001,accel,23.776800501917087,False
535.3418619907915,0.5353418619907915,25.492640217584672,51.4476065164163,75.5,52.7,False,turn,1,60.00000000000001,accel,23.657905994930868,False
540.175572843067,0.540175572843067,25.492681810200192,51.44759198973492,75.5,52.7,False,turn,1,60.00000000000001,accel,23.522946506852037,False
544.8934688196184,0.5448934688196184,25.49272317283112,51.44758081833512,75.5,52.7,False,turn,1,60.00000000000001,accel,23.363802505199583,False
549.6938343053004,0.5496938343053004,25.492766003555356,51.44757357732528,75.5,52.7,False,turn,1,60.00000000000001,accel,23.1785988173236,False
554.5333838125101,0.5545333838125102,25.492809658247385,51.44757175749036,75.5,52.7,False,turn,1,60.00000000000001,accel,22.96882411925142,False
559.2141235578414,0.5592141235578414,25.4928518366345,51.44757451088873,75.5,52.7,False,turn,1,60.00000000000001,accel,22.79529573105758,False
564.0021534375762,0.5640021534375762,25.49289462232472,51.44758125004222,75.5,52.7,False,turn,1,60.00000000000001,accel,22.64881187070176,False
568.8869451750996,0.5688869451750996,25.492937733200485,51.44759145119826,75.5,52.7,False,turn,1,60.00000000000001,accel,22.533334846516976,False
573.646780753823,0.573646780753823,25.492979032669048,51.44760450632016,75.5,52.7,False,turn,1,60.00000000000001,accel,22.43990761216138,False
578.3765300656938,0.5783765300656938,25.493019208921485,51.44762042016699,75.5,52.7,False,turn,1,60.00000000000001,accel,22.358161048736655,False
583.1691446006149,0.5831691446006149,25.493058874404436,51.44763944437447,75.5,52.7,False,turn,1,60.00000000000001,accel,22.288311090621875,False
587.8142904162402,0.5878142904162401,25.49309600431648,51.44766090559362,75.5,52.7,False,turn,1,60.00000000000001,accel,22.22365806056424,False
592.3283404362279,0.592328340436228,25.493130577192765,51.447684661341455,75.5,52.7,False,turn,1,60.00000000000001,accel,22.185196229493943,False
596.781269540174,0.596781269540174,25.493162851310057,51.44771105456014,75.5,52.7,False,turn,1,60.00000000000001,accel,22.167353519356865,False
601.1744965893065,0.6011744965893066,25.493192400825706,51.44774018826877,75.5,52.7,False,turn,1,60.00000000000001,accel,22.164965196791886,False
605.5045493051985,0.6055045493051985,25.49321914897364,51.44777158332612,75.5,52.7,False,turn,1,60.00000000000001,cruise,22.172186264476508,False
609.7201434351031,0.6097201434351031,25.49324262535869,51.447804573139685,75.5,52.7,False,turn,1,60.00000000000001,accel,21.895645876697024,False
613.755144430818,0.6137551444308179,25.49326294181899,51.44783787358424,75.5,52.7,False,turn,1,60.00000000000001,accel,21.961720892922514,False
617.7028203847461,0.6177028203847461,25.49328096030543,51.447871739315374,75.5,52.7,False,turn,1,60.00000000000001,cruise,22.01179624800932,False
621.435818711601,0.6214358187116009,25.49329634196284,51.44790476543464,75.5,52.7,False,turn,1,60.00000000000001,accel,21.81520742261775,False
625.0262450590186,0.6250262450590186,25.49330942027436,51.44793743089453,75.5,52.7,False,turn,1,60.00000000000001,accel,21.90571591694728,False
628.715143294777,0.6287151432947771,25.49332088113205,51.44797187018794,75.5,52.7,False,turn,1,60.00000000000001,accel,21.99018787638817,False
632.6015577756979,0.6326015577756978,25.49333066809456,51.44800898026286,75.5,52.7,False,turn,1,60.00000000000001,cruise,22.01179624800932,False
636.5881871983729,0.636588187198373,25.493338377865275,51.4480477006267,75.5,52.7,False,turn,1,60.00000000000001,accel,21.81053191239894,False
640.6184131477331,0.6406184131477332,25.49334351941048,51.44808737266811,75.5,52.7,False,turn,1,60.00000000000001,accel,21.91705764365125,False
644.8193659800241,0.6448193659800241,25.49334567217904,51.44812907718725,75.5,52.7,False,turn,1,60.00000000000001,cruise,22.01179624800932,False
649.098021564148,0.649098021564148,25.493344046774936,51.448171584011405,75.5,52.7,False,turn,1,60.00000000000001,accel,21.76784473840862,False
653.3559008787138,0.6533559008787138,25.493339267069366,51.44821359329174,75.5,52.7,False,turn,1,60.00000000000001,accel,21.874438187909867,False
657.6360286208037,0.6576360286208037,25.493331751991064,51.44825533959564,75.5,52.7,False,turn,1,60.00000000000001,accel,21.98852935977945,False
661.9884971784126,0.6619884971784126,25.493321757927347,51.448297194480055,75.5,52.7,False,turn,1,60.00000000000001,cruise,22.01179624800932,False
666.28605787557,0.66628605787557,25.49330971620671,51.44833781616954,75.5,52.7,False,turn,1,60.00000000000001,accel,21.806870966428438,False
670.6193912694242,0.6706193912694243,25.493295384447396,51.44837790811829,75.5,52.7,False,turn,1,60.00000000000001,accel,21.933073156410178,False
675.0215241826867,0.6750215241826867,25.49327914924278,51.4484178604402,75.5,52.7,False,turn,1,60.00000000000001,cruise,22.01179624800932,False
679.5799145981981,0.6795799145981981,25.49326105335974,51.44845856809643,75.5,52.7,False,turn,1,60.00000000000001,accel,21.81536367354192,False
684.204708748788,0.684204708748788,25.493241770107065,51.4484993547555,75.5,52.7,False,turn,1,60.00000000000001,accel,21.98490722477672,False
688.8825047439535,0.6888825047439535,25.49322156271509,51.44854019613645,75.5,52.7,False,turn,1,60.00000000000001,cruise,22.01179624800932,False
693.6232604725003,0.6936232604725003,25.493200522566,51.44858124451679,75.5,52.7,False,turn,1,60.00000000000001,accel,21.835223418502448,False
698.3712990720328,0.6983712990720328,25.49317900056947,51.44862207241721,75.5,52.7,False,turn,1,60.00000000000001,cruise,22.01179624800932,False
703.1325093051665,0.7031325093051666,25.4931570248207,51.44866275844108,75.5,52.7,False,turn,1,60.00000000000001,accel,21.848309381002316,False
707.9427293189952,0.7079427293189953,25.493134451773244,51.44870361729289,75.5,52.7,False,turn,1,60.00000000000001,cruise,22.01179624800932,False
712.85883873299,0.7128588387329899,25.493111011554014,51.44874512463621,75.5,52.7,False,turn,1,60.00000000000001,accel,21.857174559664944,False
717.7651605779598,0.7177651605779598,25.49308723346505,51.44878628282273,75.5,52.7,False,turn,1,60.00000000000001,cruise,22.01179624800932,False
722.6876910666205,0.7226876910666205,25.49306294011499,51.44882726688119,75.5,52.7,False,turn,1,60.00000000000001,accel,21.87034607000912,False
727.6413705145197,0.7276413705145197,25.49303797323781,51.44886813069778,75.5,52.7,False,turn,1,60.00000000000001,cruise,22.01179624800932,False
732.5986771509553,0.7325986771509553,25.49301234408984,51.448908537966766,75.5,52.7,False,turn,1,60.00000000000001,cruise,21.88253700137869,False
737.5109645632075,0.7375109645632075,25.492986436985632,51.44894817929592,75.5,52.7,False,turn,1,60.00000000000001,cruise,21.76673459597457,False
742.4475085034792,0.7424475085034792,25.492959990339838,51.448987686013794,75.5,52.7,False,turn,1,60.00000000000001,cruise,21.66007814278169,False
747.4203702551309,0.747420370255131,25.4929330152667,51.449027209554295,75.5,52.7,False,turn,1,60.00000000000001,cruise,21.558586767071155,False
752.3280082469244,0.7523280082469244,25.49290611551648,51.449065982185125,75.5,52.7,False,turn,1,60.00000000000001,cruise,21.459231819712176,False
757.2182071060839,0.7572182071060839,25.49287903572765,51.44910438310857,75.5,52.7,False,turn,1,60.00000000000001,cruise,21.35683030447624,False
761.9816225317218,0.7619816225317217,25.4928524134357,51.44914157761094,75.5,52.7,False,turn,1,60.00000000000001,cruise,21.25113243802398,False
766.8629641287677,0.7668629641287676,25.492824725189887,51.44917933524314,75.5,52.7,False,turn,1,60.00000000000001,cruise,21.135672972992865,False
771.9699589700939,0.7719699589700939,25.49279530246385,51.44921842860084,75.5,52.7,False,turn,1,60.00000000000001,cruise,21.002051132533374,False
777.1239498161224,0.7771239498161224,25.492765465004343,51.44925774968299,75.5,52.7,False,turn,1,60.00000000000001,cruise,20.86160641209652,False
782.3070454840085,0.7823070454840085,25.492735396891003,51.44929723547895,75.5,52.7,False,turn,1,60.00000000000001,cruise,20.707298811146217,False
787.4293087848777,0.7874293087848777,25.49270576242802,51.44933633228214,inf,inf,False,straight,-1,60.00000000000001,cruise,20.53218501234102,False
792.3955638032867,0.7923955638032867,25.49267720073025,51.44937439406216,203.5,383.0,False,turn,2,60.00000000000001,cruise,20.341269144203387,True
797.3853435398668,0.7973853435398668,25.492648579934425,51.44941270536163,203.5,383.0,False,turn,2,60.00000000000001,cruise,20.14404379791291,False
802.4081029395528,0.8024081029395528,25.492619829965747,51.44945132416602,203.5,383.0,False,turn,2,60.00000000000001,cruise,19.93598951784345,False
807.4186259033393,0.8074186259033392,25.49259121074993,51.44948990363248,203.5,383.0,False,turn,2,60.00000000000001,cruise,19.722766027838755,False
812.4277471696356,0.8124277471696356,25.492562657954352,51.44952852479652,203.5,383.0,False,turn,2,60.00000000000001,cruise,19.51183284922169,False
817.4924750774297,0.8174924750774297,25.4925338469526,51.44956762731987,203.5,383.0,False,turn,2,60.00000000000001,cruise,19.30163427076633,False
822.5497385069222,0.8225497385069221,25.492505132051917,51.449606720094096,203.5,383.0,False,turn,2,60.00000000000001,cruise,19.10217078465547,False
827.5314567600116,0.8275314567600116,25.492476900785707,51.44964527757022,203.5,383.0,False,turn,2,60.00000000000001,cruise,18.93777103100653,False
832.5152494260784,0.8325152494260785,25.49244871824885,51.44968390474341,203.5,383.0,False,turn,2,60.00000000000001,cruise,18.78248459875875,False
837.5083302704363,0.8375083302704364,25.49242053984421,51.44972265397894,203.5,383.0,False,turn,2,60.00000000000001,cruise,18.65086434532813,False
842.5173716835642,0.8425173716835642,25.49239232805064,51.44976157701239,203.5,383.0,False,turn,2,60.00000000000001,cruise,18.540343390839627,False
847.5642545698156,0.8475642545698157,25.492363971628603,51.44980085422153,203.5,383.0,False,turn,2,60.00000000000001,cruise,18.43349105184387,False
852.6126474796497,0.8526126474796497,25.49233565186059,51.44984018267269,203.5,383.0,False,turn,2,60.00000000000001,cruise,18.35155203954951,False
857.6399903248654,0.8576399903248654,25.492307481070927,51.4498793741075,203.5,383.0,False,turn,2,60.00000000000001,cruise,18.277413492014308,False
862.6274200721662,0.8626274200721662,25.49227955672784,51.44991827425994,203.5,383.0,False,turn,2,60.00000000000001,cruise,18.20518627039387,False
867.7286603562171,0.8677286603562171,25.492251053361027,51.44995811269913,203.5,383.0,False,turn,2,60.00000000000001,cruise,18.12898354841491,False
872.9371000735104,0.8729371000735103,25.49222205880576,51.449998881617816,203.5,383.0,False,turn,2,60.00000000000001,cruise,18.048293863487437,False
878.0896884172115,0.8780896884172115,25.492193654168997,51.45003945224878,203.5,383.0,False,turn,2,60.00000000000001,cruise,17.95505792154509,False
883.1696454316325,0.8831696454316325,25.49216603875487,51.45007977768501,203.5,383.0,False,turn,2,60.00000000000001,cruise,17.84994852449745,False
887.9107278860508,0.8879107278860509,25.492141081031114,51.45011807420645,203.5,383.0,False,turn,2,60.00000000000001,cruise,17.72708564206169,False
892.4715733840503,0.8924715733840504,25.4921179335565,51.45015557786564,inf,inf,False,straight,-1,60.00000000000001,cruise,17.591595329479592,False
897.3602480214087,0.8973602480214087,25.492093934515623,51.45019637120885,inf,inf,False,straight,-1,60.00000000000001,cruise,17.43789007631457,False
902.3376292380248,0.9023376292380247,25.49207001230559,51.45023826506719,inf,inf,False,straight,-1,59.41440644613079,cruise,17.282278611910407,False
907.3500262737786,0.9073500262737786,25.492046302002336,51.45028071419264,inf,inf,False,straight,-1,56.03844840683772,cruise,17.10429877472925,False
912.4077287088836,0.9124077287088836,25.49202268559662,51.45032375404216,inf,inf,False,straight,-1,52.41202875764345,cruise,16.898184495338267,False
917.4430591780024,0.9174430591780024,25.491999416126028,51.45036676381619,inf,inf,False,straight,-1,48.533220181782376,cruise,16.66634078949801,False
922.455051932066,0.922455051932066,25.49197645561828,51.45040970550055,inf,inf,False,straight,-1,44.33667674349738,cruise,16.3962437862324,False
927.489712185132,0.927489712185132,25.49195355744427,51.450452948686106,inf,inf,False,straight,-1,39.676765535751116,cruise,16.09965104056098,False
932.5311283266155,0.9325311283266156,25.49193077838061,51.450496345750174,inf,inf,False,straight,-1,34.383501919048456,cruise,15.777590137633709,False
937.5967345938222,0.9375967345938222,25.491908032234484,51.450540041250015,inf,inf,False,straight,-1,28.07710207409617,cruise,15.42963190342443,False
942.6644699603536,0.9426644699603536,25.49188542687365,51.45058384966373,inf,inf,False,straight,-1,19.855894811811897,cruise,15.059293386256938,False
947.7346417553348,0.9477346417553348,25.49186298088211,51.4506277851977,inf,inf,True,straight,-1,0.0,brake,14.666713396043752,False
952.8652199151824,0.9528652199151824,25.49184046076318,51.450672363337056,inf,inf,False,straight,-1,60.00000000000001,accel,0.0,False
958.0064819245454,0.9580064819245454,25.491818145173283,51.45071718730357,inf,inf,False,straight,-1,60.00000000000001,accel,10.552583845298168,False
963.091653218588,0.963091653218588,25.491796417629,51.45076172829874,inf,inf,False,straight,-1,60.00000000000001,accel,14.86439957018835,False
968.2775478576935,0.9682775478576936,25.49177462063777,51.45080736292458,inf,inf,False,straight,-1,60.00000000000001,accel,18.257056533325905,False
973.4001122376447,0.9734001122376448,25.491753654249838,51.450852761940055,inf,inf,False,straight,-1,60.00000000000001,accel,21.061813052460504,False
978.297246393039,0.978297246393039,25.49173442527077,51.450896608061456,inf,inf,False,straight,-1,60.00000000000001,accel,23.08825576750379,False
983.234638974979,0.983234638974979,25.49171592813788,51.4509412749304,inf,inf,False,straight,-1,60.00000000000001,accel,24.781255302204425,False
988.3805287900168,0.9883805287900168,25.49169764863679,51.45098831430391,inf,inf,False,straight,-1,60.00000000000001,accel,26.31821020097304,False
993.327050181882,0.9933270501818819,25.491681022210823,51.45103396270829,inf,inf,False,straight,-1,60.00000000000001,accel,27.600227817737,False
998.2448896517124,0.9982448896517123,25.49166545759407,51.451079758751504,inf,inf,False,straight,-1,60.00000000000001,accel,28.742452573770496,False
1003.3633197071788,1.0033633197071787,25.491650257053784,51.451127820331045,inf,inf,False,straight,-1,60.00000000000001,cruise,29.36532868446487,False
1008.4423610172579,1.008442361017258,25.49163601802112,51.45117582604506,inf,inf,False,straight,-1,60.00000000000001,accel,29.11282447045005,False
1013.198349489252,1.013198349489252,25.49162353755916,51.451221074518905,inf,inf,False,straight,-1,60.00000000000001,cruise,29.36532868446487,False
1018.2908365590732,1.0182908365590733,25.49161172826944,51.45127001189478,110.0,111.9,False,turn,3,60.00000000000001,accel,29.086032354352497,True
1023.6114887348973,1.0236114887348973,25.4916007549844,51.451321518091945,110.0,111.9,False,turn,3,60.00000000000001,cruise,29.36532868446487,False
1028.8876980872917,1.0288876980872916,25.49159015985615,51.45137266709874,110.0,111.9,False,turn,3,60.00000000000001,accel,29.139896470024247,False
1034.131996364427,1.034131996364427,25.49157973108836,51.451423532327055,110.0,111.9,False,turn,3,60.00000000000001,cruise,29.36532868446487,False
1039.2294136569396,1.0392294136569395,25.491569156272327,51.45147286145562,110.0,111.9,False,turn,3,60.00000000000001,accel,29.16097290424297,False
1044.0663548205112,1.0440663548205111,25.491558443568398,51.45151948713871,110.0,111.9,False,turn,3,60.00000000000001,accel,29.02911081478843,False
1049.0156671290938,1.0490156671290938,25.491546989812797,51.45156705552362,110.0,111.9,False,turn,3,60.00000000000001,accel,29.03765086115993,False
1053.9160114769518,1.0539160114769517,25.491534877417667,51.45161391947498,110.0,111.9,False,turn,3,60.00000000000001,accel,29.03590654387343,False
1058.7632889529996,1.0587632889529996,25.491521879367152,51.451659942308495,110.0,111.9,False,turn,3,60.00000000000001,accel,29.022085094097264,False
1063.5692207894922,1.0635692207894922,25.491507638849395,51.45170508181465,110.0,111.9,False,turn,3,60.00000000000001,accel,28.995034767653667,False
1068.3021058739787,1.0683021058739788,25.49149176422944,51.45174877358686,110.0,111.9,False,turn,3,60.00000000000001,accel,28.94761425503871,False
1073.00350405083,1.0730035040508301,25.49147350162844,51.45179097176688,110.0,111.9,False,turn,3,60.00000000000001,accel,28.873402209055087,False
1077.8102418047008,1.0778102418047009,25.491451694633863,51.45183229230316,inf,inf,False,straight,-1,60.00000000000001,accel,28.777227559237723,False
1082.7044420503448,1.0827044420503449,25.491425838942597,51.45187175275279,inf,inf,False,straight,-1,60.00000000000001,accel,28.654969739738736,False
1087.6496900987563,1.0876496900987562,25.491397267196547,51.45190953391657,63.7,37.6,False,turn,4,60.00000000000001,accel,28.57640331456308,True
1092.6765803604665,1.0926765803604666,25.49136651648583,51.451946290799405,63.7,37.6,False,turn,4,60.00000000000001,accel,28.524435624695112,False
1097.7521758868477,1.0977521758868476,25.491334305349117,51.45198218154397,63.7,37.6,False,turn,4,60.00000000000001,accel,28.487632468606453,False
1102.814722494018,1.1028147224940181,25.491301398766915,51.45201711170904,63.7,37.6,False,turn,4,60.00000000000001,accel,28.460210696876963,False
1107.8614974179504,1.1078614974179504,25.49126804073267,51.45205128850538,63.7,37.6,False,turn,4,60.00000000000001,accel,28.437955648080436,False
1112.8912959197785,1.1128912959197785,25.49123439902405,51.45208487538133,63.7,37.6,False,turn,4,60.00000000000001,accel,28.41913543538076,False
1117.9111901347658,1.1179111901347658,25.491200538786646,51.4521180467278,63.7,37.6,False,turn,4,60.00000000000001,accel,28.405576467188958,False
1122.926691955363,1.1229266919553629,25.49116650921402,51.45215094096383,63.7,37.6,False,turn,4,60.00000000000001,accel,28.398157387981435,False
1127.944287963436,1.127944287963436,25.49113233694472,51.45218368694515,63.7,37.6,False,turn,4,60.00000000000001,accel,28.398238323193056,False
1132.9791264486664,1.1329791264486664,25.49109797191461,51.45221644982383,63.7,37.6,False,turn,4,60.00000000000001,accel,28.410509317546328,False
1138.0138407362613,1.1380138407362612,25.491063597346614,51.45224919867171,63.7,37.6,False,turn,4,60.00000000000001,accel,28.430777094987967,False
1143.017089546289,1.143017089546289,25.49102948847397,51.452281807518496,63.7,37.6,False,turn,4,60.00000000000001,accel,28.45397103632007,False
1147.9831632755206,1.1479831632755206,25.490995734723565,51.45231430268731,inf,inf,False,straight,-1,60.00000000000001,accel,28.47897538405023,False
1152.9052881746986,1.1529052881746986,25.490962436605432,51.45234670699182,inf,inf,False,straight,-1,60.00000000000001,accel,28.50092819503659,False
1157.8130205719567,1.1578130205719568,25.490929445229423,51.45237927574466,121.0,135.4,False,turn,5,60.00000000000001,accel,28.52213116980989,True
1162.712588264407,1.162712588264407,25.490896796866448,51.452412141020574,121.0,135.4,False,turn,5,60.00000000000001,accel,28.54384440517384,False
1167.5972698018477,1.1675972698018477,25.490864645047555,51.45244537906776,121.0,135.4,False,turn,5,60.00000000000001,accel,28.56499291175468,False
1172.5002996765502,1.1725002996765501,25.49083291160144,51.45247936369959,121.0,135.4,False,turn,5,60.00000000000001,accel,28.583738751776814,False
1177.437703469622,1.177437703469622,25.4908016860206,51.45251439506654,121.0,135.4,False,turn,5,60.00000000000001,accel,28.59784869742709,False
1182.3776338364655,1.1823776338364655,25.490771440868265,51.452550489276994,121.0,135.4,False,turn,5,60.00000000000001,accel,28.60406536077993,False
1187.3191282168832,1.1873191282168831,25.490741985674767,51.4525873883872,121.0,135.4,False,turn,5,60.00000000000001,accel,28.622066323325846,False
1192.2734855350404,1.1922734855350405,25.49071310954262,51.45262500639808,121.0,135.4,False,turn,5,60.00000000000001,accel,28.64954223648997,False
1197.2414280018197,1.1972414280018198,25.490684713081304,51.452663239582485,121.0,135.4,False,turn,5,60.00000000000001,accel,28.684614574043483,False
1202.2111420666542,1.2022111420666541,25.49065681381081,51.45270193686167,121.0,135.4,False,turn,5,60.00000000000001,accel,28.72543344540888,False
1207.1827109126923,1.2071827109126922,25.490629402857333,51.45274107858817,121.0,135.4,False,turn,5,60.00000000000001,accel,28.77006821131683,False
1212.1562076496034,1.2121562076496033,25.4906025139467,51.45278068119035,121.0,135.4,False,turn,5,60.00000000000001,cruise,28.81671691196398,False
1217.1316223754864,1.2171316223754864,25.49057616190596,51.45282074283704,121.0,135.4,False,turn,5,60.00000000000001,cruise,28.644581225932363,False
1222.108918691595,1.222108918691595,25.49055034475632,51.45286124773102,121.0,135.4,False,turn,5,60.00000000000001,cruise,28.474895233786874,False
1227.0880505952043,1.2270880505952044,25.490525060432635,51.45290218050168,inf,inf,False,straight,-1,60.00000000000001,accel,28.306687484424884,False
1232.0689775559383,1.2320689775559384,25.490500306166684,51.45294352590626,inf,inf,False,straight,-1,60.00000000000001,cruise,28.350215339592538,False
1237.0516523247657,1.2370516523247657,25.490476078829765,51.45298526894836,inf,inf,False,straight,-1,60.00000000000001,accel,28.182549715966573,False
1242.0360300361576,1.2420360300361577,25.49045237494971,51.45302739499149,inf,inf,False,straight,-1,60.00000000000001,accel,28.24658538402627,False
1247.022063196354,1.247022063196354,25.49042919052793,51.45306988957107,inf,inf,False,straight,-1,60.00000000000001,accel,28.310233025669056,False
1252.0097040770388,1.2520097040770388,25.490406521438597,51.4531127386873,inf,inf,False,straight,-1,60.00000000000001,cruise,28.350215339592538,False
1256.998905468734,1.2569989054687338,25.4903843630259,51.45315592853982,inf,inf,False,straight,-1,60.00000000000001,accel,28.18572917200997,False
1261.9896188678938,1.2619896188678938,25.49036270757444,51.4531994439888,inf,inf,False,straight,-1,60.00000000000001,accel,28.25514916376328,False
1266.9813789709508,1.2669813789709508,25.490341533752343,51.45324325787824,inf,inf,False,straight,-1,60.00000000000001,accel,28.325855984896272,False
1271.9741384314837,1.2719741384314835,25.490320859716675,51.453287371611,inf,inf,False,straight,-1,60.00000000000001,cruise,28.350215339592538,False
1276.9682617494566,1.2769682617494567,25.490300745597857,51.453331813476375,inf,inf,False,straight,-1,60.00000000000001,accel,28.19201741068574,False
1281.9636515080715,1.2819636515080715,25.490281303513303,51.4533766307256,inf,inf,False,straight,-1,60.00000000000001,accel,28.26357047340589,False
1286.9599712274164,1.2869599712274165,25.4902623924422,51.45342173301383,inf,inf,False,straight,-1,60.00000000000001,accel,28.34140913645044,False
1291.9575069103414,1.2919575069103415,25.49024391204025,51.453467064652834,inf,inf,False,straight,-1,60.00000000000001,cruise,28.350215339592538,False
1296.9563079246495,1.2969563079246496,25.49022579869695,51.45351258944118,inf,inf,False,straight,-1,60.00000000000001,accel,28.20517066302469,False
1301.9560666360887,1.3019560666360888,25.49020802121578,51.45355828495203,inf,inf,False,straight,-1,60.00000000000001,accel,28.292495596603043,False
1306.9569550141773,1.3069569550141773,25.490190575386283,51.45360414747839,inf,inf,False,straight,-1,60.00000000000001,cruise,28.350215339592538,False
1311.95910656886,1.31195910656886,25.490173485878763,51.45365018607298,inf,inf,False,straight,-1,60.00000000000001,accel,28.204304753613243,False
1316.9517738504226,1.3169517738504226,25.49015684622047,51.4536963227236,174.1,280.5,False,turn,6,60.00000000000001,accel,28.28918432845095,True
1321.9344875541983,1.3219344875541983,25.490140751826196,51.453742587514085,174.1,280.5,False,turn,6,60.00000000000001,cruise,28.350215339592538,False
1326.915626407307,1.326915626407307,25.49012531449097,51.45378910652706,174.1,280.5,False,turn,6,60.00000000000001,accel,28.20391470183249,False
1331.8947629871498,1.3318947629871498,25.490110732054134,51.45383593800055,174.1,280.5,False,turn,6,60.00000000000001,accel,28.286063603721797,False
1336.8737695911911,1.3368737695911912,25.49009680966885,51.45388301122407,174.1,280.5,False,turn,6,60.00000000000001,accel,28.364339730365675,False
1341.8633592984345,1.3418633592984346,25.490083380586224,51.45393036828153,174.1,280.5,False,turn,6,60.00000000000001,accel,28.437622047415594,False
1346.86363635013,1.34686363635013,25.49007035068936,51.45397797146207,174.1,280.5,False,turn,6,60.00000000000001,accel,28.51346189978983,False
1351.866060849544,1.351866060849544,25.490057684646807,51.45402571589879,174.1,280.5,False,turn,6,60.00000000000001,accel,28.59114547124331,False
1356.8707512128292,1.3568707512128293,25.4900453065173,51.45407357530022,174.1,280.5,False,turn,6,60.00000000000001,accel,28.668938484932475,False
1361.875662286585,1.361875662286585,25.49003316209157,51.45412150957467,174.1,280.5,False,turn,6,60.00000000000001,accel,28.74557896589253,False
1366.8810839288465,1.3668810839288466,25.49002121142732,51.454169508167695,174.1,280.5,False,turn,6,60.00000000000001,accel,28.821617011487994,False
1371.887351729363,1.371887351729363,25.49000943096207,51.454217566501065,174.1,280.5,False,turn,6,60.00000000000001,accel,28.89814733685636,False
1376.8948063614353,1.3768948063614352,25.489997811726514,51.45426568464973,174.1,280.5,False,turn,6,60.00000000000001,accel,28.97433185426627,False
1381.9037480431473,1.3819037480431473,25.4899863587711,51.4543138664306,174.1,280.5,False,turn,6,60.00000000000001,accel,29.049773676937004,False
1386.9143900077922,1.3869143900077923,25.48997509176498,51.45436211883639,174.1,280.5,False,turn,6,60.00000000000001,accel,29.125221800650078,False
1391.926814437153,1.391926814437153,25.489964046813384,51.45441045177309,174.1,280.5,False,turn,6,60.00000000000001,accel,29.200676640266305,False
1397.0000935785265,1.3970000935785265,25.48995316419713,51.4544594525464,174.1,280.5,False,turn,6,60.00000000000001,accel,29.27648981036917,False
1402.0600599036602,1.4020600599036601,25.48994265768149,51.454508416807,174.1,280.5,False,turn,6,60.00000000000001,accel,29.353002659435894,False
1407.04399651518,1.40704399651518,25.489932750257974,51.45455675764208,174.1,280.5,False,turn,6,60.00000000000001,accel,29.42555257352962,False
1411.9418763822705,1.4119418763822704,25.489923602034,51.45460440541378,174.1,280.5,False,turn,6,60.00000000000001,accel,29.491866706639883,False
1416.846099424658,1.416846099424658,25.489915242343333,51.45465229287704,174.1,280.5,False,turn,6,60.00000000000001,accel,29.5511431132657,False
1421.7387103510423,1.4217387103510424,25.489907935846528,51.45470027184728,174.1,280.5,False,turn,6,60.00000000000001,accel,29.60031530086396,False
1426.2242138892605,1.4262242138892605,25.489902478798157,51.45474446620802,174.1,280.5,False,turn,6,60.00000000000001,accel,29.63287718621394,False
1431.3176490242115,1.4313176490242114,25.489898789851956,51.45479494914961,174.1,280.5,False,turn,6,60.00000000000001,accel,29.628988323816436,False
1436.8558537560434,1.4368558537560434,25.489896885924026,51.4548499779542,174.1,280.5,False,turn,6,60.00000000000001,accel,29.65203970452373,False
1442.2095667513065,1.4422095667513064,25.489895424092296,51.45490318786879,inf,inf,False,straight,-1,60.00000000000001,accel,29.726078086102056,False
1447.4485071185754,1.4474485071185754,25.48989397018892,51.45495525628515,inf,inf,False,straight,-1,60.00000000000001,accel,29.81373575063423,False
1452.3454456571908,1.4523454456571907,25.48989183341376,51.45500389173234,inf,inf,False,straight,-1,60.00000000000001,cruise,29.878214047383462,False
1457.0589992245225,1.4570589992245224,25.489888891715044,51.45505064847537,inf,inf,False,straight,-1,60.00000000000001,cruise,29.74554522467696,False
1462.0757732894303,1.4620757732894303,25.48988479973224,51.4551003283574,inf,inf,False,straight,-1,60.00000000000001,cruise,29.607584312400125,False
1467.0872782500928,1.4670872782500928,25.48988026250341,51.45514990863887,inf,inf,False,straight,-1,60.00000000000001,cruise,29.493956397230043,False
1472.2063019660818,1.4722063019660818,25.489875278923268,51.45520051240567,inf,inf,False,straight,-1,60.00000000000001,cruise,29.39300044604647,False
1477.377384101654,1.477377384101654,25.489870059996544,51.45525160831581,inf,inf,False,straight,-1,60.00000000000001,cruise,29.30989259818513,False
1482.5568915460783,1.4825568915460783,25.489864818906987,51.45530278578202,inf,inf,False,straight,-1,60.00000000000001,cruise,29.25073403003421,False
1487.7601229047762,1.487760122904776,25.489859653936037,51.45535420998051,inf,inf,False,straight,-1,60.00000000000001,cruise,29.20586257621939,False
1492.7304162231503,1.4927304162231503,25.489855341773136,51.45540340295232,inf,inf,False,straight,-1,60.00000000000001,cruise,29.15322221759591,False
1497.459630251431,1.497459630251431,25.48985187324436,51.45545027209214,inf,inf,False,straight,-1,60.00000000000001,cruise,29.109582301223185,False
1502.4045662051249,1.5024045662051249,25.48984860590237,51.45549930982043,inf,inf,False,straight,-1,60.00000000000001,cruise,29.08557249815922,False
1507.3789605609663,1.5073789605609664,25.48984562777144,51.45554866345844,inf,inf,False,straight,-1,60.00000000000001,cruise,29.06250129651313,False
1512.3419712286548,1.5123419712286548,25.48984292548387,51.45559792295538,inf,inf,False,straight,-1,60.00000000000001,cruise,29.0487411025124,False
1517.41379216006,1.51741379216006,25.489840389739875,51.4556482768426,inf,inf,False,straight,-1,60.00000000000001,cruise,29.04454846277649,False
1522.5399120845923,1.5225399120845924,25.489838033183503,51.45569918191833,inf,inf,False,straight,-1,60.00000000000001,cruise,29.0470528037365,False
1527.5639944259392,1.5275639944259392,25.48983594926761,51.45574908576563,inf,inf,False,straight,-1,60.00000000000001,cruise,29.05669452126031,False
1532.5597702711848,1.5325597702711848,25.48983406277905,51.45579871743279,inf,inf,False,straight,-1,60.00000000000001,cruise,29.073813911364784,False
1537.5772433393686,1.5375772433393686,25.489832332148712,51.45584857189397,inf,inf,False,straight,-1,60.00000000000001,cruise,29.09994234368598,False
1542.6003397599366,1.5426003397599366,25.48983077289946,51.45589848916456,inf,inf,False,straight,-1,60.00000000000001,cruise,29.13110630377639,False
1547.6026908099814,1.5476026908099814,25.48982941977405,51.45594820735831,inf,inf,False,straight,-1,60.00000000000001,cruise,29.16507446876736,False
1552.6010492450123,1.5526010492450122,25.489828303021483,51.45599789296315,inf,inf,False,straight,-1,60.00000000000001,cruise,29.20082796821201,False
1557.5772312982383,1.5575772312982383,25.489827486994365,51.45604736511919,inf,inf,False,straight,-1,60.00000000000001,cruise,29.235640431246846,False
1562.5194676611604,1.5625194676611605,25.489827058772494,51.45609650564019,inf,inf,False,straight,-1,60.00000000000001,cruise,29.270018716341287,False
1567.4675646175854,1.5674675646175853,25.48982694363986,51.45614570653604,inf,inf,False,straight,-1,60.00000000000001,cruise,29.302735750030696,False
1572.464156460586,1.5724641564605861,25.48982709365693,51.45619538952607,inf,inf,False,straight,-1,60.00000000000001,cruise,29.335228852900396,False
1577.486251926774,1.577486251926774,25.489827470646308,51.45624532465775,inf,inf,False,straight,-1,60.00000000000001,cruise,29.365945481799542,False
1582.5096268637444,1.5825096268637444,25.489828055051827,51.45629527009001,inf,inf,False,straight,-1,60.00000000000001,cruise,29.394406756824942,False
1587.6627421101712,1.5876627421101712,25.489828896948712,51.45634650134149,inf,inf,False,straight,-1,60.00000000000001,cruise,29.41964614203636,False
1592.776142776627,1.592776142776627,25.48982994439478,51.456397332993696,inf,inf,False,straight,-1,60.00000000000001,cruise,29.445522589613454,False
1597.73567160876,1.59773567160876,25.489831174703603,51.456446629099794,inf,inf,False,straight,-1,60.00000000000001,cruise,29.47066068655644,False
1602.6451467723134,1.6026451467723135,25.48983260584746,51.45649542066486,inf,inf,False,straight,-1,60.00000000000001,cruise,29.494362463525608,False
1607.6477395326035,1.6076477395326034,25.489834284954725,51.45654512920051,inf,inf,False,straight,-1,60.00000000000001,cruise,29.518566163504325,False
1612.6203644417317,1.6126203644417316,25.48983612775441,51.45659453246618,inf,inf,False,straight,-1,60.00000000000001,cruise,29.544627975021392,False
1617.543021208694,1.6175430212086939,25.48983813198294,51.45664343074903,inf,inf,False,straight,-1,60.00000000000001,cruise,29.570684541255787,False
1622.6200809504844,1.6226200809504845,25.489840479522957,51.45669384786863,inf,inf,False,straight,-1,60.00000000000001,cruise,29.591905826551177,False
1627.7045080484015,1.6277045080484016,25.489843013821503,51.45674432738471,inf,inf,False,straight,-1,60.00000000000001,cruise,29.61479546808336,False
1632.6900450247745,1.6326900450247745,25.48984563125838,51.45679381681099,inf,inf,False,straight,-1,60.00000000000001,cruise,29.62803413913267,False
1637.642456942658,1.6376424569426582,25.489848383997664,51.45684296733032,inf,inf,False,straight,-1,60.00000000000001,cruise,29.63170708645853,False
1642.636532408259,1.642636532408259,25.48985134602454,51.45689251826747,inf,inf,False,straight,-1,60.00000000000001,cruise,29.630328712772958,False
1647.6060666303028,1.647606066630303,25.48985444173786,51.45694181468371,inf,inf,False,straight,-1,60.00000000000001,cruise,29.62116664980808,False
1652.6965282016974,1.6526965282016974,25.4898578763084,51.4569922897471,inf,inf,False,straight,-1,60.00000000000001,cruise,29.602053276077825,False
1657.7671597741023,1.6577671597741024,25.48986145968872,51.45704255447343,inf,inf,False,straight,-1,60.00000000000001,cruise,29.57780135156985,False
1662.7767758069117,1.6627767758069116,25.48986512473025,51.45709220337282,inf,inf,False,straight,-1,60.00000000000001,cruise,29.54182725379218,False
1667.818568694483,1.667818568694483,25.48986896914208,51.45714215691327,inf,inf,False,straight,-1,60.00000000000001,cruise,29.497212170382124,False
1672.866308974562,1.672866308974562,25.48987296785008,51.45719215512076,inf,inf,False,straight,-1,60.00000000000001,cruise,29.44275080174858,False
1677.8227758553046,1.6778227758553046,25.489877042613287,51.45724123458759,inf,inf,False,straight,-1,60.00000000000001,cruise,29.381693531376754,False
1682.783941680102,1.682783941680102,25.48988125383199,51.45729034700752,inf,inf,False,straight,-1,60.00000000000001,cruise,29.31329590110327,False
1687.7807853956017,1.6877807853956017,25.48988560724355,51.45733980081777,inf,inf,False,straight,-1,60.00000000000001,cruise,29.23707643185264,False
1692.7677475767464,1.6927677475767464,25.489890018876103,51.45738914963657,inf,inf,False,straight,-1,60.00000000000001,cruise,29.15881685975058,False
1697.7618170897524,1.6977618170897524,25.489894496071923,51.45743856231305,inf,inf,False,straight,-1,60.00000000000001,cruise,29.076632353576,False
1702.781719091541,1.7027817190915409,25.48989904144583,51.45748822560863,inf,inf,False,straight,-1,60.00000000000001,cruise,28.986709136556623,False
1707.7782751441632,1.7077782751441632,25.48990358267718,51.4575376560451,inf,inf,False,straight,-1,60.00000000000001,cruise,28.8872520792966,False
1712.7814242302857,1.7127814242302857,25.48990813629102,51.45758715099293,inf,inf,False,straight,-1,60.00000000000001,cruise,28.78075959727453,False
1717.7643688420892,1.7177643688420892,25.48991266098942,51.45763644723648,inf,inf,False,straight,-1,60.00000000000001,cruise,28.666394023201555,False
1722.7343535036505,1.7227343535036506,25.489917148228788,51.45768561812034,inf,inf,False,straight,-1,60.00000000000001,cruise,28.54844487867268,False
1727.7046282073168,1.7277046282073167,25.48992160258365,51.45773479553039,inf,inf,False,straight,-1,60.00000000000001,cruise,28.430243465191403,False
1732.6874412977563,1.7326874412977564,25.489926022398155,51.45778410200417,inf,inf,False,straight,-1,60.00000000000001,cruise,28.3103137092201,False
1737.616416763128,1.737616416763128,25.489930324357186,51.45783288330101,inf,inf,False,straight,-1,60.00000000000001,cruise,28.19077366374376,False
1742.5725612695137,1.7425725612695138,25.4899345707928,51.45788194188604,inf,inf,False,straight,-1,60.00000000000001,cruise,28.071347007530388,False
1747.5614055647177,1.7475614055647177,25.48993876598749,51.457931332397706,inf,inf,False,straight,-1,60.00000000000001,cruise,27.953138833336787,False
1752.5328660708767,1.7525328660708768,25.489942891525644,51.45798055644134,inf,inf,False,straight,-1,60.00000000000001,cruise,27.83900320933393,False
1757.5026658179088,1.7575026658179087,25.489946959543367,51.4580297697115,inf,inf,False,straight,-1,60.00000000000001,cruise,27.72989322349968,False
1762.4670821494046,1.7624670821494046,25.48995096359166,51.458078935602565,inf,inf,False,straight,-1,60.00000000000001,cruise,27.626250310564103,False
1767.431974121037,1.767431974121037,25.48995490131313,51.45812811274104,inf,inf,False,straight,-1,60.00000000000001,cruise,27.52846261443239,False
1772.3990249148644,1.7723990249148645,25.48995876124977,51.458177318907865,inf,inf,False,straight,-1,60.00000000000001,cruise,27.436904657604835,False
1777.3677096432991,1.7773677096432992,25.489962522096228,51.45822655068881,inf,inf,False,straight,-1,60.00000000000001,cruise,27.352338188573903,False
1782.3384687825785,1.7823384687825785,25.489966155349947,51.45827581478925,inf,inf,False,straight,-1,60.00000000000001,cruise,27.27035793469056,False
1787.3265369161004,1.7873265369161004,25.489969637716037,51.458325264739806,inf,inf,False,straight,-1,60.00000000000001,cruise,27.196409328338643,False
1792.37783977899,1.79237783977899,25.489972957516148,51.45837535871998,inf,inf,False,straight,-1,60.00000000000001,accel,27.130467061981307,False
1797.4808602593682,1.7974808602593682,25.48997600351659,51.45842598919491,inf,inf,False,straight,-1,60.00000000000001,accel,27.32779755729874,False
1802.558057179944,1.802558057179944,25.489978595446733,51.45847639315232,inf,inf,False,straight,-1,60.00000000000001,accel,27.542519043824488,False
1807.6149909816083,1.8076149909816084,25.489980606339174,51.45852662761043,inf,inf,False,straight,-1,60.00000000000001,accel,27.76312154231931,False
1812.5352807576105,1.8125352807576105,25.48998170250691,51.45857553726835,inf,inf,False,straight,-1,60.00000000000001,accel,27.978348841661766,False
1817.2159858444325,1.8172159858444326,25.48998150448469,51.458622079023975,inf,inf,False,straight,-1,60.00000000000001,accel,28.178153752422457,False
1821.7941051621165,1.8217941051621165,25.48997985932774,51.45866756515078,inf,inf,False,straight,-1,60.00000000000001,accel,28.36608375495298,False
1826.311923975928,1.826311923975928,25.48997642070897,51.45871232779646,inf,inf,False,straight,-1,60.00000000000001,accel,28.544749923617587,False
1830.888382138702,1.8308883821387019,25.48997065636554,51.45875738831443,95.5,84.4,False,turn,7,60.00000000000001,accel,28.717495823011504,True
1835.482730912645,1.835482730912645,25.48996291468634,51.45880226890819,95.5,84.4,False,turn,7,60.00000000000001,accel,28.899541689731254,False
1840.0858865052555,1.8400858865052556,25.489953349797613,51.458846810908746,95.5,84.4,False,turn,7,60.00000000000001,accel,29.08816005347899,False
1844.9155933522625,1.8449155933522625,25.4899414644986,51.458893015750334,95.5,84.4,False,turn,7,60.00000000000001,accel,29.294292388240866,False
1849.6961729100592,1.8496961729100592,25.489928122044088,51.458938221970165,95.5,84.4,False,turn,7,60.00000000000001,accel,29.510736808288048,False
1854.1743881574232,1.8541743881574233,25.48991403289409,51.45897995869185,95.5,84.4,False,turn,7,60.00000000000001,accel,29.705596486946188,False
1858.272032698021,1.8582720326980209,25.48989931059248,51.45901733688481,95.5,84.4,False,turn,7,60.00000000000001,accel,29.85926097695906,False
1862.3708881423647,1.8623708881423646,25.48988263497797,51.45905371948674,95.5,84.4,False,turn,7,60.00000000000001,accel,29.997697196361315,False
1866.3756161312724,1.8663756161312723,25.489864276479214,51.45908802310252,95.5,84.4,False,turn,7,60.00000000000001,accel,30.115641803408906,False
1870.594154852512,1.870594154852512,25.48984311006785,51.459122893034,95.5,84.4,False,turn,7,60.00000000000001,accel,30.243495842158584,False
1875.134168788496,1.875134168788496,25.4898188104985,51.459159244814096,95.5,84.4,False,turn,7,60.00000000000001,accel,30.38924288972399,False
1879.8334952864557,1.8798334952864557,25.48979240500661,51.45919581555523,95.5,84.4,False,turn,7,60.00000000000001,accel,30.53770905667888,False
1884.6231349660045,1.8846231349660045,25.4897642745554,51.45923198189537,95.5,84.4,False,turn,7,60.00000000000001,accel,30.671378169876316,False
1889.278499685451,1.889278499685451,25.489735645662023,51.45926586823465,95.5,84.4,False,turn,7,60.00000000000001,accel,30.773545433549494,False
1893.8148374861837,1.8938148374861836,25.489706576817333,51.45929763789727,95.5,84.4,False,turn,7,60.00000000000001,accel,30.855427082393387,False
1898.311198557876,1.898311198557876,25.4896767073326,51.45932790919301,95.5,84.4,False,turn,7,60.00000000000001,accel,30.92362252797224,False
1902.91346559324,1.90291346559324,25.489645178487272,51.45935770855496,95.5,84.4,False,turn,7,60.00000000000001,accel,30.985157798884487,False
1907.645520957842,1.907645520957842,25.48961188774677,51.45938719090009,95.5,84.4,False,turn,7,60.00000000000001,accel,31.046629901606277,False
1912.772979695948,1.9127729796959478,25.489574788470502,51.459417676486,95.5,84.4,False,turn,7,60.00000000000001,accel,31.097620250817528,False
1917.902133092359,1.917902133092359,25.489537137853123,51.45944735952129,95.5,84.4,False,turn,7,60.00000000000001,accel,31.166057895448027,False
1922.9215876033504,1.9229215876033505,25.48949989026631,51.45947577847759,95.5,84.4,False,turn,7,60.00000000000001,accel,31.226408276005856,False
1927.966586539212,1.927966586539212,25.48946202990724,51.45950365698441,95.5,84.4,False,turn,7,60.00000000000001,accel,31.27315638828302,False
1933.0097606590443,1.9330097606590444,25.489423767529907,51.45953082788948,95.5,84.4,False,turn,7,60.00000000000001,accel,31.312613655464315,False
1937.835591331308,1.9378355913313081,25.489386720485136,51.45955607146296,95.5,84.4,False,turn,7,60.00000000000001,accel,31.33897314469254,False
1942.735284534164,1.942735284534164,25.489348688047112,51.459580940983216,95.5,84.4,False,turn,7,60.00000000000001,accel,31.365804236535404,False
1947.7792691811503,1.9477792691811504,25.48930915796265,51.45960582882525,95.5,84.4,False,turn,7,60.00000000000001,accel,31.376867361590755,False
1952.804570578277,1.952804570578277,25.48926956665569,51.459630219941886,95.5,84.4,False,turn,7,60.00000000000001,accel,31.384594615769466,False
1957.8069011348389,1.957806901134839,25.489230004623764,51.4596541983448,95.5,84.4,False,turn,7,60.00000000000001,accel,31.380260695045585,False
1962.725460661195,1.962725460661195,25.48919101617093,51.45967759625298,95.5,84.4,False,turn,7,60.00000000000001,accel,31.358389726511717,False
1967.5644355517877,1.9675644355517876,25.489152584431512,51.45970046503508,95.5,84.4,False,turn,7,60.00000000000001,accel,31.3290826031252,False
1972.434500655974,1.972434500655974,25.489113832564144,51.459723330842586,95.5,84.4,False,turn,7,60.00000000000001,accel,31.282333197448,False
1977.2836391792016,1.9772836391792017,25.48907516603497,51.45974593066953,inf,inf,False,straight,-1,60.00000000000001,accel,31.219953257815728,False
1982.1317317669796,1.9821317317669795,25.489036414612634,51.459768330996994,inf,inf,False,straight,-1,60.00000000000001,accel,31.14332774157647,False
1986.9781749558636,1.9869781749558635,25.488997563188867,51.45979048449197,inf,inf,False,straight,-1,60.00000000000001,accel,31.05502419185939,False
1991.7935192622597,1.9917935192622598,25.48895881500848,51.45981218219842,inf,inf,False,straight,-1,60.00000000000001,accel,30.958223769243027,False
1996.8485961606657,1.9968485961606657,25.488917958447363,51.45983456736902,inf,inf,False,straight,-1,60.00000000000001,accel,30.847145909512488,False
2001.99793031514,2.00199793031514,25.48887603301935,51.45985667688652,inf,inf,False,straight,-1,60.00000000000001,accel,30.717525964854016,False
2007.1690749908494,2.0071690749908493,25.488833487563664,51.45987783193543,inf,inf,False,straight,-1,60.00000000000001,accel,30.559566907831314,False
2012.3792639280912,2.012379263928091,25.48879001994492,51.45989761497136,inf,inf,False,straight,-1,60.00000000000001,accel,30.37328879476196,False
2017.1794620477374,2.0171794620477375,25.48874895396402,51.45991284397698,inf,inf,False,straight,-1,60.00000000000001,accel,30.166779597096102,False
2021.607156698539,2.021607156698539,25.48871021876433,51.45992369511263,inf,inf,False,straight,-1,60.00000000000001,accel,29.964631925503348,False
2026.368842293429,2.026368842293429,25.488667993138737,51.4599325446044,inf,inf,False,straight,-1,60.00000000000001,accel,29.79346404240475,False
2031.1387911512213,2.0311387911512213,25.48862528116952,51.45993854271224,inf,inf,False,straight,-1,60.00000000000001,accel,29.63134388178557,False
2035.9225901070101,2.03592259010701,25.48858219981228,51.45994179949001,inf,inf,False,straight,-1,60.00000000000001,accel,29.472294104959115,False
2040.7905930463808,2.0407905930463808,25.488538259177577,51.45994227857902,82.4,62.9,False,turn,8,60.00000000000001,accel,29.31367899643604,True
2045.6742270856657,2.045674227085666,25.48849423988879,51.459939650701386,82.4,62.9,False,turn,8,60.00000000000001,accel,29.16795340914035,False
2050.481416244185,2.050481416244185,25.488451226913643,51.45993333163451,82.4,62.9,False,turn,8,60.00000000000001,accel,29.04110703270529,False
2055.3424965008894,2.0553424965008893,25.48840823731353,51.459923642184826,82.4,62.9,False,turn,8,60.00000000000001,accel,28.92548068830633,False
2060.294997389534,2.060294997389534,25.488364973327016,51.45991123764252,82.4,62.9,False,turn,8,60.00000000000001,accel,28.82107237662985,False
2065.185144090912,2.065185144090912,25.48832276978136,51.459896984040434,82.4,62.9,False,turn,8,60.00000000000001,accel,28.72613124785668,False
2070.10373366255,2.07010373366255,25.48828086209556,51.459880830261945,82.4,62.9,False,turn,8,60.00000000000001,accel,28.62556950138296,False
2075.1262988058024,2.0751262988058023,25.48823864874563,51.45986261096947,82.4,62.9,False,turn,8,60.00000000000001,accel,28.517275153558455,False
2080.073716346224,2.080073716346224,25.48819768018627,51.45984302769208,82.4,62.9,False,turn,8,60.00000000000001,accel,28.404622402908423,False
2084.990886374667,2.084990886374667,25.488157496733745,51.45982225964168,82.4,62.9,False,turn,8,60.00000000000001,accel,28.305415322177925,False
2090.047782746255,2.090047782746255,25.4881166711718,51.4597997654793,82.4,62.9,False,turn,8,60.00000000000001,accel,28.21202763709369,False
2095.209288881901,2.095209288881901,25.488075400001765,51.45977594770066,82.4,62.9,False,turn,8,60.00000000000001,accel,28.125555575188145,False
2100.331453644773,2.100331453644773,25.48803473800606,51.45975170213088,82.4,62.9,False,turn,8,60.00000000000001,accel,28.044638866914347,False
2105.359532757097,2.105359532757097,25.48799506258471,51.45972742050425,82.4,62.9,False,turn,8,60.00000000000001,accel,27.96459169092696,False
2110.3993160356104,2.1103993160356103,25.487955495553,51.45970268854335,82.4,62.9,False,turn,8,60.00000000000001,accel,27.883190322597923,False
2115.4375592320257,2.1154375592320256,25.48791611550607,51.4596776276737,82.4,62.9,False,turn,8,60.00000000000001,accel,27.802717101901937,False
2120.3677032519454,2.1203677032519455,25.487877752107803,51.4596527799622,82.4,62.9,False,turn,8,60.00000000000001,accel,27.725359037087724,False
2125.277408795752,2.125277408795752,25.48783971378336,51.45962772681066,82.4,62.9,False,turn,8,60.00000000000001,accel,27.65271286127745,False
2130.3284530580163,2.1303284530580164,25.48780074800543,51.45960164618959,82.4,62.9,False,turn,8,60.00000000000001,accel,27.58353342226433,False
2135.3629030095312,2.1353629030095314,25.48776204254528,51.45957541290678,82.4,62.9,False,turn,8,60.00000000000001,accel,27.522750819809232,False
2140.3255934321623,2.1403255934321623,25.48772401015208,51.4595493375064,82.4,62.9,False,turn,8,60.00000000000001,accel,27.470353429129624,False
2145.2748816037893,2.145274881603789,25.487686200925825,51.45952312054497,82.4,62.9,False,turn,8,60.00000000000001,accel,27.426435286198465,False
2150.308012970018,2.150308012970018,25.487647878851355,51.45949623736405,inf,inf,False,straight,-1,60.00000000000001,accel,27.390360968915903,False
2155.330294988474,2.1553302949884743,25.48760977078286,51.45946918619431,inf,inf,False,straight,-1,60.00000000000001,accel,27.36253884244419,False
2160.2246236610063,2.1602246236610063,25.487572785580724,51.45944256621506,inf,inf,False,straight,-1,60.00000000000001,accel,27.34271618917605,False
2165.197000919054,2.165197000919054,25.48753537832277,51.459415241041135,inf,inf,False,straight,-1,60.00000000000001,accel,27.32662820272521,False
2170.240916469229,2.170240916469229,25.4874975998114,51.45938724742816,inf,inf,False,straight,-1,60.00000000000001,accel,27.320061092667,False
2175.257869390965,2.1752578693909648,25.48746018744693,51.45935913644673,inf,inf,False,straight,-1,60.00000000000001,accel,27.324251832055285,False
2180.30450453159,2.18030450453159,25.48742275354809,51.459330539147146,inf,inf,False,straight,-1,60.00000000000001,accel,27.33605031739186,False
2185.4467280139465,2.1854467280139467,25.48738486194885,51.45930100497949,inf,inf,False,straight,-1,60.00000000000001,accel,27.360858337457387,False
2190.59338338784,2.19059338338784,25.487347241728934,51.45927097764761,inf,inf,False,straight,-1,60.00000000000001,accel,27.392078774481128,False
2195.6926944194943,2.195692694419494,25.48731035878528,51.45924064071211,inf,inf,False,straight,-1,60.00000000000001,accel,27.427132523272476,False
2200.820143689873,2.200820143689873,25.48727375685412,51.459209434335634,inf,inf,False,straight,-1,60.00000000000001,accel,27.464627177386102,False
2205.897209401999,2.205897209401999,25.48723820456412,51.45917757682398,inf,inf,False,straight,-1,60.00000000000001,accel,27.496140634935507,False
2210.8904656189898,2.2108904656189896,25.48720420458457,51.459144981430704,inf,inf,False,straight,-1,60.00000000000001,accel,27.515966298345173,False
2215.8898681096766,2.215889868109677,25.4871714883902,51.45911074026083,inf,inf,False,straight,-1,60.00000000000001,accel,27.519914676928824,False
2220.9024352515694,2.2209024352515696,25.487140568588394,51.45907435073046,inf,inf,False,straight,-1,60.00000000000001,accel,27.502324807372997,False
2225.854442240331,2.225854442240331,25.48711181925233,51.45903664557808,inf,inf,False,straight,-1,60.00000000000001,accel,27.48686580527641,False
2230.84053799146,2.2308405379914604,25.48708468900241,51.45899708608123,inf,inf,False,straight,-1,60.00000000000001,accel,27.468545558550836,False
2235.940780265343,2.2359407802653433,25.48705887449892,51.45895509425267,inf,inf,False,straight,-1,60.00000000000001,accel,27.443126351579167,False
2241.0452987010285,2.2410452987010285,25.48703527731956,51.45891149873907,inf,inf,False,straight,-1,60.00000000000001,accel,27.397599453740604,False
2246.153143367948,2.246153143367948,25.487014356587288,51.458866238358056,75.9,53.2,False,turn,9,60.00000000000001,accel,27.32827350333268,True
2251.262481435028,2.251262481435028,25.486996446379948,51.458819421081714,75.9,53.2,False,turn,9,60.00000000000001,accel,27.240688677175463,False
2256.3707894466534,2.2563707894466534,25.48698168940291,51.45877129827837,75.9,53.2,False,turn,9,60.00000000000001,accel,27.14186621137236,False
2261.4754546049444,2.2614754546049443,25.486969574614317,51.45872232607739,75.9,53.2,False,turn,9,60.00000000000001,accel,27.052274190181777,False
2266.6813101181715,2.2666813101181713,25.48695950724917,51.4586717638446,75.9,53.2,False,turn,9,60.00000000000001,accel,26.96605302880449,False
2271.8110540466546,2.2718110540466547,25.48695161225083,51.458621503439325,75.9,53.2,False,turn,9,60.00000000000001,accel,26.88060009316928,False
2276.876224808866,2.276876224808866,25.486945944353288,51.45857152673765,75.9,53.2,False,turn,9,60.00000000000001,accel,26.784850543801888,False
2282.004586472214,2.282004586472214,25.486942649291663,51.45852066256855,75.9,53.2,False,turn,9,60.00000000000001,accel,26.673468695349683,False
2287.065497559946,2.287065497559946,25.4869421780312,51.4584703424273,75.9,53.2,False,turn,9,60.00000000000001,accel,26.547298442119,False
2292.063666969096,2.292063666969096,25.48694383286573,51.45842067691686,75.9,53.2,False,turn,9,60.00000000000001,accel,26.436171865752197,False
2297.20835059508,2.29720835059508,25.486947257410115,51.458369660386005,75.9,53.2,False,turn,9,60.00000000000001,accel,26.333171904808484,False
2302.3311060836995,2.3023311060836997,25.48695183249684,51.45831897253791,75.9,53.2,False,turn,9,60.00000000000001,accel,26.24596104698177,False
2307.386072029732,2.307386072029732,25.486957210338744,51.4582690591394,75.9,53.2,False,turn,9,60.00000000000001,accel,26.167319252358148,False
2312.528225559682,2.312528225559682,25.48696345357032,51.45821839309735,75.9,53.2,False,turn,9,60.00000000000001,accel,26.09091361406023,False
2317.660950871663,2.317660950871663,25.48697021276194,51.45816790221254,75.9,53.2,False,turn,9,60.00000000000001,accel,26.02192656704001,False
2322.7754008724,2.3227754008724,25.48697734983473,51.45811765838667,75.9,53.2,False,turn,9,60.00000000000001,accel,25.95684539019986,False
2327.902006677987,2.327902006677987,25.48698483350716,51.45806735330213,75.9,53.2,False,turn,9,60.00000000000001,accel,25.89472346514465,False
2333.0327467570232,2.333032746757023,25.486992602815302,51.45801705908893,75.9,53.2,False,turn,9,60.00000000000001,accel,25.83506865769883,False
2338.125935953635,2.338125935953635,25.48700057248792,51.45796718201201,75.9,53.2,False,turn,9,60.00000000000001,accel,25.77662090394085,False
2343.174061437216,2.343174061437216,25.487008713043547,51.457917793780105,75.9,53.2,False,turn,9,60.00000000000001,accel,25.72093880709953,False
2348.1606675083667,2.348160667508367,25.487017007191525,51.45786905880342,75.9,53.2,False,turn,9,60.00000000000001,accel,25.667840466359934,False
2352.992958942656,2.352992958942656,25.487025349098413,51.45782189607068,75.9,53.2,False,turn,9,60.00000000000001,accel,25.61842040855493,False
2357.8948008089587,2.3578948008089586,25.487034184512293,51.45777413651821,inf,inf,False,straight,-1,60.00000000000001,accel,25.570444188936445,False
2362.9290952812557,2.3629290952812556,25.48704360760212,51.45772516635314,inf,inf,False,straight,-1,60.00000000000001,accel,25.523980755558934,False
2367.959742229272,2.3679597422292717,25.487053127567457,51.45767625602124,inf,inf,False,straight,-1,60.00000000000001,accel,25.49705059792525,False
2372.985577041007,2.3729855770410073,25.487062676710423,51.45762740153599,inf,inf,False,straight,-1,60.00000000000001,accel,25.48111406411585,False
2377.9283049316828,2.377928304931683,25.487071938878422,51.45757932451404,inf,inf,False,straight,-1,60.00000000000001,accel,25.47322009303233,False
2382.7763001666667,2.382776300166667,25.48708086567208,51.45753213237378,inf,inf,False,straight,-1,60.00000000000001,accel,25.48076558040849,False
2387.70829929388,2.38770829929388,25.48708985870746,51.457484102313884,inf,inf,False,straight,-1,60.00000000000001,accel,25.494882654807405,False
2392.6431001191754,2.3926431001191752,25.487098778929447,51.45743602734643,inf,inf,False,straight,-1,60.00000000000001,accel,25.520038452174543,False
2397.581957561312,2.3975819575613118,25.487107645453477,51.45738789916766,inf,inf,False,straight,-1,60.00000000000001,accel,25.554576576526355,False
2402.526028839231,2.402526028839231,25.487116472281507,51.45733970924668,inf,inf,False,straight,-1,60.00000000000001,accel,25.59671322900421,False
2407.481826426559,2.407481826426559,25.487125279400026,51.457291396017375,inf,inf,False,straight,-1,60.00000000000001,accel,25.647490464061185,False
2412.450063179038,2.4124500631790378,25.487134073041343,51.457242953666565,inf,inf,False,straight,-1,60.00000000000001,accel,25.70653082294085,False
2417.4260581854987,2.417426058185499,25.48714284694718,51.45719442831251,inf,inf,False,straight,-1,60.00000000000001,accel,25.77298617798925,False
2422.4105032987845,2.4224105032987846,25.48715160168724,51.45714581309529,inf,inf,False,straight,-1,60.00000000000001,accel,25.847712103637043,False
2427.4040086274367,2.4274040086274367,25.487160334847065,51.45709710133576,inf,inf,False,straight,-1,60.00000000000001,accel,25.93153726390851,False
2432.4011347898413,2.432401134789841,25.487169029811625,51.45704834459404,inf,inf,False,straight,-1,60.00000000000001,accel,26.01847143610708,False
2437.4007026460745,2.4374007026460744,25.48717767428546,51.45699955222263,inf,inf,False,straight,-1,60.00000000000001,accel,26.11518264891508,False
2442.408396440259,2.4424083964402588,25.487186264177552,51.45695066585423,inf,inf,False,straight,-1,60.00000000000001,accel,26.229272362392752,False
2447.424101644273,2.447424101644273,25.487194778685005,51.45690168237613,inf,inf,False,straight,-1,60.00000000000001,accel,26.35429235228913,False
2452.4477449933697,2.45244774499337,25.48720318945042,51.45685259682698,inf,inf,False,straight,-1,60.00000000000001,accel,26.494869928013,False
2457.358464026568,2.457358464026568,25.487211229574747,51.45680457732957,inf,inf,False,straight,-1,60.00000000000001,accel,26.639329460050888,False
2462.292703176636,2.462292703176636,25.48721910745362,51.45675628757836,inf,inf,False,straight,-1,60.00000000000001,accel,26.7813728607034,False
2467.34427279458,2.46734427279458,25.48722694755389,51.456706805634994,inf,inf,False,straight,-1,60.00000000000001,accel,26.933945931584915,False
2472.389362001756,2.4723893620017563,25.487234616764205,51.45665735657608,inf,inf,False,straight,-1,60.00000000000001,cruise,26.93838486753807,False
2477.433536598532,2.4774335365985323,25.48724211812796,51.45660788550632,inf,inf,False,straight,-1,60.00000000000001,accel,26.849545314693824,False
2482.56625156443,2.48256625156443,25.48724953417352,51.45655750673065,inf,inf,False,straight,-1,60.00000000000001,cruise,26.93838486753807,False
2487.6787820638256,2.4876787820638255,25.487256710839446,51.45650728906984,inf,inf,False,straight,-1,60.00000000000001,accel,26.860008495305767,False
2492.7157777828347,2.4927157777828346,25.487263557034208,51.45645777506008,inf,inf,False,straight,-1,60.00000000000001,cruise,26.93838486753807,False
2497.705483281032,2.497705483281032,25.48727011079388,51.456408688295966,inf,inf,False,straight,-1,60.00000000000001,accel,26.861619381526456,False
2502.6674748200385,2.5026674748200386,25.48727637455641,51.45635983390329,inf,inf,False,straight,-1,60.00000000000001,cruise,26.93838486753807,False
2507.575460252336,2.5075754602523364,25.48728225690776,51.45631146376419,inf,inf,False,straight,-1,60.00000000000001,accel,26.85514745432483,False
2512.352210450468,2.512352210450468,25.4872875531678,51.456264326134566,inf,inf,False,straight,-1,60.00000000000001,cruise,26.93838486753807,False
2517.0724057624457,2.5170724057624456,25.48729231228617,51.45621768488779,inf,inf,False,straight,-1,60.00000000000001,accel,26.84694716070264,False
2521.765276274464,2.521765276274464,25.48729648652829,51.45617124874992,inf,inf,False,straight,-1,60.00000000000001,cruise,26.93838486753807,False
2526.3563931135286,2.5263563931135287,25.48729985126941,51.45612574800527,inf,inf,False,straight,-1,60.00000000000001,accel,26.832074094881943,False
2530.798986660197,2.530798986660197,25.487302181592685,51.45608164802822,inf,inf,False,straight,-1,60.00000000000001,cruise,26.93838486753807,False
2535.120945122,2.5351209451220003,25.487303305026497,51.45603869075487,inf,inf,False,straight,-1,60.00000000000001,accel,26.811298341811,False
2539.3134600574417,2.539313460057442,25.48730295953712,51.4559970045102,inf,inf,False,straight,-1,60.00000000000001,cruise,26.88800491866997,False
2543.3379153545184,2.5433379153545186,25.487300794334267,51.455957058756944,inf,inf,False,straight,-1,60.00000000000001,cruise,26.73108072592913,False
2547.3400049380552,2.5473400049380555,25.487296755474443,51.45591751373136,inf,inf,False,straight,-1,60.00000000000001,cruise,26.5676467814086,False
2551.461180290824,2.551461180290824,25.487290558326208,51.45587710769504,inf,inf,False,straight,-1,60.00000000000001,cruise,26.39346527135936,False
2555.8456434066043,2.555845643406604,25.48728168736596,51.455834620310185,inf,inf,False,straight,-1,60.00000000000001,cruise,26.204160781898736,False
2560.271368235098,2.560271368235098,25.48727022857114,51.45579246246624,inf,inf,False,straight,-1,60.00000000000001,cruise,26.002657270892616,False
2564.658817287236,2.564658817287236,25.487255675963496,51.45575188803154,79.1,57.9,False,turn,10,60.00000000000001,cruise,25.774350009511764,True
2569.2260343515204,2.5692260343515203,25.48723648190836,51.45571169613975,79.1,57.9,False,turn,10,60.00000000000001,cruise,25.50905299206077,False
2573.8217550532886,2.5738217550532885,25.48721239159464,51.45567449322922,79.1,57.9,False,turn,10,60.00000000000001,cruise,25.207958284771617,False
2578.344828660833,2.5783448286608333,25.48718523714875,51.45564090704461,79.1,57.9,False,turn,10,60.00000000000001,cruise,24.95017626836921,False
2582.9752872412105,2.5829752872412106,25.48715497946119,51.4556091417072,79.1,57.9,False,turn,10,60.00000000000001,cruise,24.723277760742715,False
2587.694263119349,2.5876942631193494,25.48712243682673,51.45557886388776,79.1,57.9,False,turn,10,60.00000000000001,cruise,24.52264784919169,False
2592.296413755018,2.592296413755018,25.48708941915972,51.455551091747466,79.1,57.9,False,turn,10,60.00000000000001,cruise,24.340864928722294,False
2597.022930882498,2.5970229308824977,25.487054556239222,51.45552399903073,79.1,57.9,False,turn,10,60.00000000000001,cruise,24.170858794481465,False
2601.812219683796,2.601812219683796,25.487018561982275,51.45549762092082,79.1,57.9,False,turn,10,60.00000000000001,cruise,24.01331037106004,False
2606.5955961063146,2.6065955961063145,25.48698212999681,51.455472091706206,79.1,57.9,False,turn,10,60.00000000000001,cruise,23.86623785252718,False
2611.4631399137024,2.6114631399137025,25.48694468065289,51.455446776671984,79.1,57.9,False,turn,10,60.00000000000001,cruise,23.72479500940353,False
2616.3692798680618,2.616369279868062,25.4869066656028,51.45542174973117,79.1,57.9,False,turn,10,60.00000000000001,cruise,23.58963120372516,False
2621.2701740674324,2.6212701740674325,25.48686849858804,51.45539710802003,79.1,57.9,False,turn,10,60.00000000000001,cruise,23.459333367030677,False
2626.156040626415,2.6261560406264146,25.486830303813708,51.455372816034505,79.1,57.9,False,turn,10,60.00000000000001,cruise,23.33329732520253,False
2631.053419314176,2.6310534193141764,25.486791901797517,51.45534869188204,79.1,57.9,False,turn,10,60.00000000000001,cruise,23.2101227010483,False
2635.976475085694,2.6359764750856938,25.48675320134816,51.45532462974724,79.1,57.9,False,turn,10,60.00000000000001,cruise,23.08917980079817,False
2640.9574603951914,2.6409574603951915,25.48671395852485,51.45530045501793,79.1,57.9,False,turn,10,60.00000000000001,cruise,22.970708976942404,False
2645.921681686739,2.6459216816867386,25.486674781585968,51.45527649249306,79.1,57.9,False,turn,10,60.00000000000001,cruise,22.857938096748374,False
2650.8525381138807,2.6508525381138806,25.48663581316007,51.45525280005595,79.1,57.9,False,turn,10,60.00000000000001,cruise,22.75142289636929,False
2655.8112010548093,2.655811201054809,25.48659658085147,51.45522906229231,79.1,57.9,False,turn,10,60.00000000000001,cruise,22.65024153091462,False
2660.7546741356346,2.6607546741356347,25.486557427749155,51.45520547960038,79.1,57.9,False,turn,10,60.00000000000001,accel,22.55531590513361,False
2665.65376581822,2.6656537658182202,25.486518585506936,51.45518219070128,79.1,57.9,False,turn,10,60.00000000000001,accel,22.82278558844506,False
2670.561767886561,2.670561767886561,25.48647963289493,51.455158940016176,79.1,57.9,False,turn,10,60.00000000000001,accel,23.09093497771128,False
2675.5389787558324,2.6755389787558324,25.48644009023006,51.4551354445429,79.1,57.9,False,turn,10,60.00000000000001,accel,23.362379388328776,False
2680.548520757562,2.680548520757562,25.486400261441112,51.455111856300114,79.1,57.9,False,turn,10,60.00000000000001,accel,23.632129902166245,False
2685.545854814858,2.6855458548148583,25.486360510584237,51.45508836477254,inf,inf,False,straight,-1,60.00000000000001,accel,23.903147288745576,False
2690.529022906718,2.690529022906718,25.486320855761587,51.45506497404997,inf,inf,False,straight,-1,60.00000000000001,accel,24.17431420837521,False
2695.548952809383,2.695548952809383,25.486280888090285,51.45504145259078,inf,inf,False,straight,-1,60.00000000000001,accel,24.44884978424561,False
2700.565209074195,2.700565209074195,25.48624093706225,51.45501797435317,inf,inf,False,straight,-1,60.00000000000001,accel,24.732906239261165,False
2705.561823330908,2.705561823330908,25.48620113275728,51.454994608112266,inf,inf,False,straight,-1,60.00000000000001,accel,25.020548799255625,False
2710.5731692992763,2.7105731692992765,25.48616119977005,51.45497119640496,inf,inf,False,straight,-1,60.00000000000001,accel,25.31364971849512,False
2715.5923475932404,2.7155923475932404,25.48612119583907,51.45494776577336,inf,inf,False,straight,-1,60.00000000000001,accel,25.612693201370544,False
2720.6127365621187,2.720612736562119,25.486081175903863,51.45492434265993,inf,inf,False,straight,-1,60.00000000000001,accel,25.91646249538587,False
2725.627419033101,2.725627419033101,25.486041196724653,51.454900955986105,inf,inf,False,straight,-1,60.00000000000001,accel,26.225094725965565,False
2730.6342540878727,2.7306342540878727,25.48600127609189,51.45487761424296,inf,inf,False,straight,-1,60.00000000000001,accel,26.536952651489287,False
2735.643556568644,2.7356435565686437,25.48596133136104,51.45485427018135,inf,inf,False,straight,-1,60.00000000000001,accel,26.850394464856294,False
2740.660008310671,2.740660008310671,25.485921325028126,51.45483090234205,inf,inf,False,straight,-1,60.00000000000001,accel,27.163035909090414,False
2745.6779696421568,2.745677969642157,25.48588130234013,51.4548075364389,inf,inf,False,straight,-1,60.00000000000001,accel,27.47144469919556,False
2750.682739462271,2.750682739462271,25.48584138080645,51.45478424040088,inf,inf,False,straight,-1,60.00000000000001,accel,27.771993209450716,False
2755.674048524907,2.755674048524907,25.48580156250269,51.45476101563515,inf,inf,False,straight,-1,60.00000000000001,accel,28.0617441384,False
2760.676312804829,2.7606763128048293,25.485761651813792,51.45473775027728,inf,inf,False,straight,-1,60.00000000000001,accel,28.33968944393486,False
2765.677697680129,2.765677697680129,25.48572174548433,51.45471449454072,inf,inf,False,straight,-1,60.00000000000001,accel,28.602944304960463,False
2770.6885594626547,2.7706885594626547,25.485681760389514,51.45469120129486,inf,inf,False,straight,-1,60.00000000000001,accel,28.8486181582034,False
2775.704428634069,2.775704428634069,25.48564173314678,51.45466788933512,inf,inf,False,straight,-1,60.00000000000001,accel,29.074949847330068,False
2780.7097314398634,2.780709731439863,25.485601791644317,51.45464462352712,inf,inf,False,straight,-1,60.00000000000001,cruise,29.279598023147702,False
2785.714363177294,2.785714363177294,25.485561856862912,51.45462135799303,inf,inf,False,straight,-1,60.00000000000001,cruise,29.2476089213952,False
2790.716235401194,2.790716235401194,25.48552194653727,51.454598100214405,inf,inf,False,straight,-1,60.00000000000001,cruise,29.195921107654925,False
2795.7207085716773,2.795720708571677,25.48548201859659,51.45457482380895,inf,inf,False,straight,-1,60.00000000000001,cruise,29.12380526121365,False
2800.7335037948856,2.8007335037948855,25.48544202829717,51.45455150029306,inf,inf,False,straight,-1,60.00000000000001,cruise,29.032794283124083,False
2805.737813795032,2.805737813795032,25.485402111631945,51.4545282038991,inf,inf,False,straight,-1,60.00000000000001,cruise,28.925572844650294,False
2810.7328474785227,2.8107328474785227,25.48536227547188,51.45450493715302,inf,inf,False,straight,-1,60.00000000000001,cruise,28.80340122533648,False
2815.740606723928,2.815740606723928,25.48532234382816,51.45448159866119,inf,inf,False,straight,-1,60.00000000000001,cruise,28.66805878152191,False
2820.746280413639,2.8207462804136387,25.485282435427123,51.45445825616602,inf,inf,False,straight,-1,60.00000000000001,cruise,28.521023259062957,False
2825.744542819808,2.825744542819808,25.48524259354965,51.45443493281143,inf,inf,False,straight,-1,60.00000000000001,cruise,28.36356233698845,False
2830.757249287925,2.8307572492879247,25.485202644145115,51.45441152629256,inf,inf,False,straight,-1,60.00000000000001,cruise,28.1967247003769,False
2835.775772609431,2.835775772609431,25.485162657305477,51.45438807414229,inf,inf,False,straight,-1,60.00000000000001,cruise,28.02312191640685,False
2840.7761058445585,2.8407761058445584,25.48512282726956,51.454364682459904,inf,inf,False,straight,-1,60.00000000000001,cruise,27.846460527307688,False
2845.7921659279123,2.845792165927912,25.48508288043484,51.45434119970931,inf,inf,False,straight,-1,60.00000000000001,cruise,27.66620482192969,False
2850.793939481925,2.850793939481925,25.48504306032026,51.45431775714046,inf,inf,False,straight,-1,60.00000000000001,cruise,27.48950286822561,False
2855.772973552584,2.855772973552584,25.485003434540648,51.45429439375347,inf,inf,False,straight,-1,60.00000000000001,cruise,27.316751661602503,False
2860.7784268290675,2.8607784268290675,25.484963607897,51.454270887075936,inf,inf,False,straight,-1,60.00000000000001,cruise,27.14250864016541,False
2865.7902273611585,2.8657902273611584,25.48492374011238,51.4542473313542,inf,inf,False,straight,-1,60.00000000000001,cruise,26.9800873192356,False
2870.783262711569,2.870783262711569,25.484884032220783,51.45422384203297,inf,inf,False,straight,-1,60.00000000000001,cruise,26.821564786840707,False
2875.775723425172,2.875775723425172,25.48484433778105,51.45420033720558,inf,inf,False,straight,-1,60.00000000000001,cruise,26.670890362105947,False
2880.7754068818667,2.8807754068818667,25.48480459453544,51.45417678071541,inf,inf,False,straight,-1,60.00000000000001,cruise,26.526743022701144,False
2885.776286916554,2.885776286916554,25.484764851214617,51.4541531992795,inf,inf,False,straight,-1,60.00000000000001,cruise,26.388304799184816,False
2890.771771785737,2.890771771785737,25.48472516189718,51.4541296205446,inf,inf,False,straight,-1,60.00000000000001,cruise,26.26079308567237,False
2895.7760824468683,2.895776082446868,25.484685415613328,51.45410597330345,inf,inf,False,straight,-1,60.00000000000001,cruise,26.145768694181385,False
2900.8041539120377,2.9008041539120377,25.484645496842703,51.45408218071034,inf,inf,False,straight,-1,60.00000000000001,cruise,26.05248975620076,False
2905.816475780962,2.905816475780962,25.484605725130965,51.45405841787005,inf,inf,False,straight,-1,60.00000000000001,cruise,25.97423255780813,False
2910.831430082924,2.910831430082924,25.48456595741201,51.45403459209062,inf,inf,False,straight,-1,60.00000000000001,cruise,25.909530566254418,False
2915.828914924856,2.9158289149248557,25.48452636201486,51.45401078099724,inf,inf,False,straight,-1,60.00000000000001,cruise,25.86116528135154,False
2920.8201229950537,2.9208201229950537,25.484486857692435,51.45398691657933,inf,inf,False,straight,-1,60.00000000000001,cruise,25.822040299713887,False
2925.822818500714,2.925822818500714,25.48444731375532,51.45396289447141,inf,inf,False,straight,-1,60.00000000000001,cruise,25.787777565113725,False
2930.815215222065,2.930815215222065,25.484407921986737,51.45393878101679,inf,inf,False,straight,-1,60.00000000000001,cruise,25.75843068879828,False
2935.7875001558605,2.9357875001558607,25.484368784839724,51.45391457552409,inf,inf,False,straight,-1,60.00000000000001,cruise,25.730271901992687,False
2940.834159726975,2.940834159726975,25.484329179279275,51.4538897798382,inf,inf,False,straight,-1,60.00000000000001,cruise,25.703968152951614,False
2945.934771938352,2.9459347719383517,25.484289310394345,51.45386441130685,inf,inf,False,straight,-1,60.00000000000001,cruise,25.68149157732,False
2950.9969874549474,2.9509969874549475,25.484249975893093,51.45383879222646,inf,inf,False,straight,-1,60.00000000000001,cruise,25.657359058161,False
2956.075338553768,2.956075338553768,25.48421081615768,51.453812540361,inf,inf,False,straight,-1,60.00000000000001,cruise,25.631218753999857,False
2961.1781217993994,2.9611781217993993,25.484171881663688,51.453785427669686,inf,inf,False,straight,-1,60.00000000000001,cruise,25.60016124210696,False
2966.2642835113343,2.966264283511334,25.48413367051147,51.45375739084245,inf,inf,False,straight,-1,60.00000000000001,cruise,25.560093139671583,False
2971.322679760868,2.9713226797608683,25.48409654418311,51.45372810975461,inf,inf,False,straight,-1,60.00000000000001,cruise,25.508406912188192,False
2976.402774898793,2.976402774898793,25.484060556737404,51.4536968020951,inf,inf,False,straight,-1,60.00000000000001,cruise,25.441011274553755,False
2981.552354851604,2.981552354851604,25.484026029706445,51.45366251794015,inf,inf,False,straight,-1,60.00000000000001,cruise,25.351540444810507,False
2986.7333810453856,2.9867333810453855,25.48399429884579,51.45362467187473,inf,inf,False,straight,-1,60.00000000000001,cruise,25.22945937509497,False
2991.932198877316,2.9919321988773158,25.48396687666757,51.45358272141035,inf,inf,False,straight,-1,60.00000000000001,cruise,25.06274954658461,False
2997.173585501582,2.997173585501582,25.48394354413089,51.45353738220468,inf,inf,False,straight,-1,60.00000000000001,cruise,24.90037856858572,False
3002.4298167238508,3.0024298167238506,25.48392456403409,51.45348948113904,inf,inf,False,straight,-1,60.00000000000001,cruise,24.73042595605919,False
3007.668783236209,3.007668783236209,25.483909330793747,51.45344016436912,78.0,56.3,False,turn,11,60.00000000000001,cruise,24.58044549301329,True
3012.9373067314277,3.012937306731428,25.483897316929728,51.45338947623436,78.0,56.3,False,turn,11,60.00000000000001,cruise,24.433022862860245,False
3018.1754304390865,3.0181754304390864,25.48388863294979,51.45333827725344,78.0,56.3,False,turn,11,60.00000000000001,cruise,24.27431014601928,False
3023.365035158328,3.023365035158328,25.48388368141676,51.453286963843695,78.0,56.3,False,turn,11,60.00000000000001,accel,24.08908793237894,False
3028.605963963823,3.0286059639638228,25.48388314213775,51.45323485441702,78.0,56.3,False,turn,11,60.00000000000001,accel,24.19635385092461,False
3033.8586558685856,3.0338586558685856,25.48388822904397,51.45318292608761,78.0,56.3,False,turn,11,60.00000000000001,accel,24.294425767220197,False
3039.037303097055,3.039037303097055,25.48389787372776,51.45313254043959,78.0,56.3,False,turn,11,60.00000000000001,accel,24.365685838713546,False
3044.242006606948,3.044242006606948,25.483911762370912,51.45308310080825,78.0,56.3,False,turn,11,60.00000000000001,accel,24.400430374637335,False
3049.4811503700257,3.049481150370026,25.48392983092801,51.45303495770767,78.0,56.3,False,turn,11,60.00000000000001,accel,24.43889382343375,False
3054.6785228063777,3.0546785228063777,25.483951592603404,51.45298917377064,78.0,56.3,False,turn,11,60.00000000000001,accel,24.467486912724382,False
3059.8192992246936,3.0598192992246935,25.483977083922976,51.45294645988703,78.0,56.3,False,turn,11,60.00000000000001,accel,24.474793873453844,False
3064.993137741782,3.064993137741782,25.48400611253716,51.45290615866881,78.0,56.3,False,turn,11,60.00000000000001,accel,24.48023526832099,False
3070.0741198840783,3.070074119884078,25.48403731831146,51.452869132777806,78.0,56.3,False,turn,11,60.00000000000001,accel,24.475183930868575,False
3075.08006140577,3.0750800614057696,25.484070533603465,51.45283538372675,78.0,56.3,False,turn,11,60.00000000000001,accel,24.4859521162955,False
3080.088884468621,3.080088884468621,25.48410544132653,51.45280373003563,78.0,56.3,False,turn,11,60.00000000000001,accel,24.518265344381643,False
3085.0580689003564,3.085058068900356,25.48414121259829,51.4527739174174,78.0,56.3,False,turn,11,60.00000000000001,accel,24.56992609583007,False
3090.027191667177,3.090027191667177,25.4841778057345,51.45274534178062,78.0,56.3,False,turn,11,60.00000000000001,accel,24.6380193804617,False
3095.109947101259,3.095109947101259,25.484215857442663,51.45271710362727,78.0,56.3,False,turn,11,60.00000000000001,accel,24.72046762236232,False
3100.2033216283544,3.100203321628354,25.48425439958239,51.452689490263865,78.0,56.3,False,turn,11,60.00000000000001,accel,24.82508829029469,False
3105.2818753588185,3.1052818753588185,25.484293107967893,51.45266243459324,78.0,56.3,False,turn,11,60.00000000000001,accel,24.942626644809533,False
3110.3693040314856,3.1103693040314857,25.48433210143202,51.45263571284372,78.0,56.3,False,turn,11,60.00000000000001,accel,25.0694214206588,False
3115.418386640209,3.115418386640209,25.48437094575057,51.452609450565056,78.0,56.3,False,turn,11,60.00000000000001,accel,25.204964280645157,False
3120.438559366061,3.120438559366061,25.484409675196527,51.45258353265233,78.0,56.3,False,turn,11,60.00000000000001,accel,25.345444619613662,False
3125.459537432827,3.125459537432827,25.484448497222584,51.4525577678322,78.0,56.3,False,turn,11,60.00000000000001,accel,25.48876826580772,False
3130.4710367549023,3.1304710367549022,25.48448731077956,51.4525321705371,78.0,56.3,False,turn,11,60.00000000000001,accel,25.632553084142344,False
3135.4774692089927,3.135477469208993,25.48452613670083,51.45250669431231,78.0,56.3,False,turn,11,60.00000000000001,accel,25.77504964697289,False
3140.470149662685,3.140470149662685,25.48456489711868,51.45248136430997,78.0,56.3,False,turn,11,60.00000000000001,accel,25.915252593718638,False
3145.490629137367,3.1454906291373668,25.484603916355358,51.452455973285815,78.0,56.3,False,turn,11,60.00000000000001,accel,26.05170133645549,False
3150.5159530875776,3.1505159530875777,25.484643005625436,51.45243061823901,78.0,56.3,False,turn,11,60.00000000000001,accel,26.18320981494749,False
3155.5175439029213,3.155517543902921,25.48468193465947,51.45240542858208,78.0,56.3,False,turn,11,60.00000000000001,accel,26.306990747774485,False
3160.5192800619225,3.1605192800619224,25.484720887124723,51.45238028005707,78.0,56.3,False,turn,11,60.00000000000001,accel,26.421540102678943,False
3165.524414339776,3.165524414339776,25.48475988618483,51.45235515231914,78.0,56.3,False,turn,11,60.00000000000001,accel,26.5245481972316,False
3170.5251167626507,3.1705251167626507,25.484798868330124,51.4523300800376,78.0,56.3,False,turn,11,60.00000000000001,accel,26.608328526066657,False
3175.51970010566,3.17551970010566,25.484837820841985,51.45230507255095,78.0,56.3,False,turn,11,60.00000000000001,accel,26.684772704496694,False
3180.5211866501472,3.180521186650147,25.484876847396183,51.4522800687265,inf,inf,False,straight,-1,60.00000000000001,accel,26.74499995001487,False
3185.513260841627,3.1855132608416272,25.484915819896493,51.452255148716766,inf,inf,False,straight,-1,60.00000000000001,accel,26.787352648581024,False
3190.5246428001506,3.1905246428001504,25.48495496855597,51.4522301806352,inf,inf,False,straight,-1,60.00000000000001,accel,26.8207349079105,False
3195.533771458485,3.195533771458485,25.484994133122,51.45220528764134,inf,inf,False,straight,-1,60.00000000000001,accel,26.82957000757709,False
3200.562525391784,3.2005625253917844,25.485033495876504,51.45218038273552,inf,inf,False,straight,-1,60.00000000000001,accel,26.81859898776589,False
3205.610430799434,3.2056104307994344,25.48507306825468,51.45215549785252,inf,inf,False,straight,-1,60.00000000000001,accel,26.79311895969145,False
3210.5778770167,3.2105778770167,25.485112121774403,51.45213122678413,inf,inf,False,straight,-1,60.00000000000001,accel,26.75328375003364,False
3215.4955437923018,3.2154955437923016,25.485150883582616,51.45210739454166,inf,inf,False,straight,-1,60.00000000000001,accel,26.705545434517287,False
3220.4902512632534,3.2204902512632536,25.48519034359084,51.452083369317,inf,inf,False,straight,-1,60.00000000000001,accel,26.658178105775185,False
3225.4775737357018,3.2254775737357018,25.485229806478248,51.45205950203528,inf,inf,False,straight,-1,60.00000000000001,accel,26.606154950897373,False
3230.4796589742905,3.2304796589742906,25.4852694414777,51.45203567538592,inf,inf,False,straight,-1,60.00000000000001,accel,26.550048725755907,False
3235.501731006231,3.235501731006231,25.48530928309161,51.452011851170695,inf,inf,False,straight,-1,60.00000000000001,accel,26.49190355830581,False
3240.511058289394,3.240511058289394,25.48534906397705,51.45198816953543,inf,inf,False,straight,-1,60.00000000000001,accel,26.438348421158643,False
3245.497022957937,3.245497022957937,25.485388695429343,51.4519646720731,inf,inf,False,straight,-1,60.00000000000001,accel,26.394339443503483,False
3250.483169443752,3.250483169443752,25.485428356653262,51.45194123181727,inf,inf,False,straight,-1,60.00000000000001,accel,26.3540140621788,False
3255.487613979264,3.255487613979264,25.48546818612348,51.45191775220179,inf,inf,False,straight,-1,60.00000000000001,accel,26.32804548871189,False
3260.495732148897,3.2604957321488968,25.48550805849946,51.45189428350526,inf,inf,False,straight,-1,60.00000000000001,accel,26.31176296963573,False
3265.5090850191004,3.2655090850191004,25.48554798111206,51.45187080793377,inf,inf,False,straight,-1,60.00000000000001,cruise,26.318331817258805,False
3270.5088448659653,3.270508844865965,25.48558779602258,51.45184739713287,inf,inf,False,straight,-1,60.00000000000001,cruise,26.082006988176936,False
3275.490669113481,3.275490669113481,25.485627466503608,51.45182406700821,inf,inf,False,straight,-1,60.00000000000001,cruise,25.86259263432873,False
3280.489586469996,3.280489586469996,25.48566727059681,51.45180065167628,inf,inf,False,straight,-1,60.00000000000001,cruise,25.657633578764564,False
3285.489163379646,3.285489163379646,25.485707078954643,51.45177723121904,inf,inf,False,straight,-1,60.00000000000001,cruise,25.45962825853781,False
3290.4889337736827,3.2904889337736827,25.485746888206183,51.45175380852134,inf,inf,False,straight,-1,60.00000000000001,cruise,25.26865109706116,False
3295.4888865729768,3.2954888865729766,25.48578669851825,51.45173038416108,inf,inf,False,straight,-1,60.00000000000001,cruise,25.091082700613505,False
3300.489050583881,3.3004890505838813,25.48582651034028,51.45170695845716,inf,inf,False,straight,-1,60.00000000000001,cruise,24.92584049487626,False
3305.489246734639,3.305489246734639,25.48586632246847,51.451683532706326,inf,inf,False,straight,-1,60.00000000000001,cruise,24.77184319718269,False
3310.4903495378308,3.310490349537831,25.4859061420166,51.451660103122485,inf,inf,False,straight,-1,60.00000000000001,cruise,24.633758167224336,False
3315.4932575490466,3.3154932575490466,25.48594597633045,51.45163666589063,inf,inf,False,straight,-1,60.00000000000001,cruise,24.502203593147662,False
3320.4935442666188,3.320493544266619,25.48598579087904,51.45161324322003,inf,inf,False,straight,-1,60.00000000000001,cruise,24.37690593815221,False
3325.4948798660407,3.325494879866041,25.48602561461222,51.45158981735421,inf,inf,False,straight,-1,60.00000000000001,cruise,24.25488011647554,False
3330.496044273828,3.330496044273828,25.486065438266603,51.45156639493968,inf,inf,False,straight,-1,60.00000000000001,cruise,24.135503788483,False
3335.487677763186,3.335487677763186,25.486105188546336,51.45154302235947,inf,inf,False,straight,-1,60.00000000000001,cruise,24.017667467298576,False
3340.483063164975,3.3404830631649753,25.486144970487285,51.45151963589196,inf,inf,False,straight,-1,60.00000000000001,cruise,23.899858927643468,False
3345.48779844736,3.34548779844736,25.486184828383205,51.45149620873787,inf,inf,False,straight,-1,60.00000000000001,cruise,23.781896255547483,False
3350.4881572208897,3.3504881572208896,25.486224653053466,51.45147280543348,inf,inf,False,straight,-1,60.00000000000001,cruise,23.66406296309896,False
3355.489099965237,3.355489099965237,25.486264483660825,51.451449402051686,inf,inf,False,straight,-1,60.00000000000001,cruise,23.54493540156482,False
3360.4960522228744,3.3604960522228744,25.486304363084027,51.45142597251342,inf,inf,False,straight,-1,60.00000000000001,cruise,23.42163649134738,False
3365.4989342841604,3.3654989342841604,25.486344211392744,51.451402564714286,inf,inf,False,straight,-1,60.00000000000001,cruise,23.293797407121552,False
3370.499914237504,3.370499914237504,25.48638404549581,51.45137916776651,inf,inf,False,straight,-1,60.00000000000001,cruise,23.161349133014344,False
3375.500858622496,3.375500858622496,25.48642387998721,51.45135577237268,inf,inf,False,straight,-1,60.00000000000001,cruise,23.025748767438028,False
3380.504260949697,3.3805042609496967,25.486463734466696,51.451332366326376,inf,inf,False,straight,-1,60.00000000000001,cruise,22.888464723073795,False
3385.5052654085976,3.3855052654085975,25.48650357052683,51.45130897290404,inf,inf,False,straight,-1,60.00000000000001,cruise,22.7503584548054,False
3390.50475828707,3.3905047582870704,25.486543395122798,51.4512855877437,inf,inf,False,straight,-1,60.00000000000001,cruise,22.61141244190903,False
3395.507004824576,3.395507004824576,25.48658324193232,51.45126219027893,inf,inf,False,straight,-1,60.00000000000001,cruise,22.472304875195466,False
3400.509320038001,3.400509320038001,25.486623089737517,51.45123879342,inf,inf,False,straight,-1,60.00000000000001,cruise,22.33147696673561,False
3405.510036553591,3.405510036553591,25.486662925395425,51.45121540525314,inf,inf,False,straight,-1,60.00000000000001,cruise,22.18732151786476,False
3410.510653725397,3.410510653725397,25.48670276082872,51.45119201872227,inf,inf,False,straight,-1,60.00000000000001,cruise,22.036492417968173,False
3415.511184236922,3.415511184236922,25.48674259625792,51.45116863401507,inf,inf,False,straight,-1,60.00000000000001,cruise,21.87806243711305,False
3420.5134868547625,3.4205134868547624,25.48678244655816,51.45114524257933,inf,inf,False,straight,-1,60.00000000000001,cruise,21.710184365531347,False
3425.513977967424,3.425513977967424,25.48682228362878,51.45112186209836,inf,inf,False,straight,-1,60.00000000000001,cruise,21.531954129141383,False
3430.5143766529563,3.4305143766529564,25.4868621213897,51.451098484999264,inf,inf,False,straight,-1,60.00000000000001,cruise,21.3422773504782,False
3435.51681318325,3.4355168131832503,25.486901977140768,51.45107510200207,inf,inf,False,straight,-1,60.00000000000001,cruise,21.13646686734957,False
3440.517233661262,3.4405172336612617,25.48694181939562,51.451051733736726,inf,inf,False,straight,-1,60.00000000000001,cruise,20.918550774490527,False
3445.5176268316773,3.4455176268316774,25.48698166467651,51.4510283723106,inf,inf,False,straight,-1,60.00000000000001,cruise,20.694554128793683,False
3450.497836094294,3.450497836094294,25.48702135454435,51.45100511640454,inf,inf,False,straight,-1,60.00000000000001,cruise,20.461443081972693,False
3455.49802317908,3.45549802317908,25.48706120832837,51.4509817769496,inf,inf,False,straight,-1,60.00000000000001,cruise,20.223743279025285,False
3460.5183218104185,3.4605183218104183,25.487101227368505,51.45095835389496,inf,inf,False,straight,-1,60.00000000000001,cruise,19.97729951238626,False
3465.521037816024,3.465521037816024,25.48714111252155,51.45093502588197,inf,inf,False,straight,-1,60.00000000000001,cruise,19.722405148653937,False
3470.5239578439214,3.4705239578439215,25.48718100439771,51.45091170749383,inf,inf,False,straight,-1,60.00000000000001,cruise,19.462952840041435,False
3475.546949920166,3.4755469499201657,25.48722106050256,51.4508883042293,inf,inf,False,straight,-1,60.00000000000001,cruise,19.19958814989464,False
3480.5496602113326,3.4805496602113326,25.487260962420724,51.4508650111517,inf,inf,False,straight,-1,60.00000000000001,cruise,18.93433726440308,False
3485.529167872672,3.4855291678726723,25.487300686514654,51.450841841165605,inf,inf,False,straight,-1,60.00000000000001,cruise,18.666500916828213,False
3490.530012986645,3.4905300129866452,25.487340583757494,51.45081857798928,inf,inf,False,straight,-1,60.00000000000001,cruise,18.393708480245127,False
3495.525032935562,3.495525032935562,25.48738043828347,51.45079534973052,inf,inf,False,straight,-1,60.00000000000001,cruise,18.11788617309803,False
3500.525669354107,3.500525669354107,25.487420339844764,51.45077209998086,inf,inf,False,straight,-1,60.00000000000001,cruise,17.839952539622026,False
3505.526408898983,3.505526408898983,25.48746024417457,51.45074885380384,inf,inf,False,straight,-1,60.00000000000001,cruise,17.560161304228274,False
3510.5209201067714,3.5105209201067713,25.487500100677785,51.450725640482425,inf,inf,False,straight,-1,60.00000000000001,cruise,17.28040073270943,False
3515.518359965499,3.515518359965499,25.48753998151012,51.45070241554592,inf,inf,False,straight,-1,60.00000000000001,cruise,17.003447615405648,False
3520.522208870645,3.520522208870645,25.487579913938266,51.45067916176187,inf,inf,False,straight,-1,60.00000000000001,cruise,16.72471039911754,False
3525.522990428577,3.525522990428577,25.48761982257434,51.45065592366265,inf,inf,False,straight,-1,60.00000000000001,cruise,16.453749289276264,False
3530.5204354180664,3.5305204354180666,25.4876597050127,51.45063270196355,inf,inf,False,straight,-1,60.00000000000001,cruise,16.19479327381206,False
3535.524716514017,3.535524716514017,25.48769964159022,51.45060944763038,inf,inf,False,straight,-1,60.00000000000001,cruise,15.949772173117386,False
3540.5292731185777,3.540529273118578,25.48773958004055,51.45058619133788,inf,inf,False,straight,-1,60.00000000000001,cruise,15.730034840793582,False
3545.5268840502868,3.545526884050287,25.48777946283653,51.45056296685328,inf,inf,False,straight,-1,60.00000000000001,cruise,15.535888215615753,False
3550.5244114325,3.5505244114325,25.48781934383065,51.45053974039186,inf,inf,False,straight,-1,60.00000000000001,cruise,15.351972378630355,False
3555.525657238866,3.5555256572388663,25.487859252564714,51.45051649262057,inf,inf,False,straight,-1,60.00000000000001,cruise,15.182322873640672,False
3560.5270252765163,3.5605270252765164,25.48789915986457,51.45049323926269,inf,inf,False,straight,-1,60.00000000000001,cruise,15.026276069850187,False
3565.5285230111344,3.5655285230111344,25.487939064878827,51.4504699783885,inf,inf,False,straight,-1,60.00000000000001,cruise,14.876277721742744,False
3570.5301572176368,3.570530157217637,25.487978966474643,51.45044670749957,inf,inf,False,straight,-1,60.00000000000001,cruise,14.745855671112269,False
3575.531933271609,3.575531933271609,25.488018863132663,51.4504234233274,inf,inf,False,straight,-1,60.00000000000001,cruise,14.627441404224372,False
3580.5338544780534,3.5805338544780536,25.48805875281056,51.45040012156783,inf,inf,False,straight,-1,58.9293128490275,cruise,14.52107530237758,False
3585.535920901682,3.585535920901682,25.488098632759343,51.45037679653131,inf,inf,False,straight,-1,55.531101445561134,cruise,14.427218760328891,False
3590.53379014997,3.59053379014997,25.48813846500803,51.45035346155402,inf,inf,False,straight,-1,51.914053155290325,cruise,14.340976824366711,False
3595.562515599817,3.5955625155998168,25.488178521472857,51.450329937612906,inf,inf,False,straight,-1,48.000366915579235,cruise,14.255179571438422,False
3600.5339278332863,3.600533927833286,25.488218099258084,51.45030663607172,inf,inf,False,straight,-1,43.78879090310271,cruise,14.168515027595454,False
3605.499731135865,3.605499731135865,25.488257593593293,51.45028328103801,inf,inf,False,straight,-1,39.13205008617761,cruise,14.07743053380257,False
3610.5247643440816,3.6105247643440816,25.48829749998167,51.45025952673561,inf,inf,False,straight,-1,33.77233722554901,cruise,13.984786596672656,False
3615.528559819929,3.615528559819929,25.48833715742829,51.45023570990412,inf,inf,False,straight,-1,27.413055748572077,cruise,13.89002005287095,False
3620.481040494855,3.620481040494855,25.48837629558347,51.450211911235925,inf,inf,False,straight,-1,19.140813153888725,brake,13.7913473528407,False
3625.1925982133744,3.6251925982133746,25.488413374327223,51.45018896281744,inf,inf,False,straight,-1,0.0,accel,1.5172865463921853e-07,False
3625.1925982133744,3.6251925982133746,25.488415852960205,51.45018741356243,inf,inf,True,straight,-1,0.0,accel,1.5172865463921853e-07,False
3630.416122305133,3.630416122305133,25.488456810871455,51.45016167989994,inf,inf,False,straight,-1,60.00000000000001,accel,10.619933599248132,False
3635.3940170097853,3.6353940170097854,25.48849576814852,51.45013701273625,inf,inf,False,straight,-1,60.00000000000001,accel,14.841243609485849,False
3640.378021748829,3.6403780217488286,25.48853472553825,51.4501122241018,inf,inf,False,straight,-1,60.00000000000001,accel,18.107290256607307,False
3645.3865039145944,3.6453865039145943,25.4885738405863,51.45008724963076,inf,inf,False,straight,-1,60.00000000000001,accel,20.88094599422589,False
3650.3925969880856,3.6503925969880857,25.488612910321496,51.4500622364867,inf,inf,False,straight,-1,60.00000000000001,accel,23.32599980928968,False
3655.39293334086,3.65539293334086,25.4886519152098,51.45003721439266,inf,inf,False,straight,-1,60.00000000000001,accel,25.321957518610315,False
3660.3861633364054,3.660386163336405,25.488690850091363,51.45001220031393,inf,inf,False,straight,-1,60.00000000000001,accel,27.018742047329333,False
3665.394674146742,3.665394674146742,25.488729896217265,51.44998709475425,inf,inf,False,straight,-1,60.00000000000001,accel,28.510580859510924,False
3670.409013243395,3.6704090132433946,25.488768982163656,51.44996194938349,inf,inf,False,straight,-1,60.00000000000001,accel,29.84462600806444,False
3675.416038525047,3.675416038525047,25.48880800656967,51.449936832146506,inf,inf,False,straight,-1,60.00000000000001,accel,31.05001165531438,False
3680.425771233129,3.680425771233129,25.488847050794792,51.44991169891056,inf,inf,False,straight,-1,60.00000000000001,accel,31.069269589475127,False
3685.431881457555,3.685431881457555,25.488886066974786,51.449886584201295,inf,inf,False,straight,-1,60.00000000000001,accel,31.197194520549505,False
3690.4527899084333,3.6904527899084334,25.488925202404417,51.44986140263631,inf,inf,False,straight,-1,60.00000000000001,accel,31.313219852862957,False
3695.443110684318,3.695443110684318,25.4889641019494,51.44983637925188,inf,inf,False,straight,-1,60.00000000000001,accel,31.4159144234693,False
3700.4142567038175,3.7004142567038176,25.4890028566592,51.449811460756216,inf,inf,False,straight,-1,60.00000000000001,accel,31.504713503842403,False
3705.382821171058,3.705382821171058,25.489041598866116,51.44978656959153,inf,inf,False,straight,-1,60.00000000000001,accel,31.586916324655355,False
3710.391082261685,3.710391082261685,25.48908066455373,51.44976150591752,inf,inf,False,straight,-1,60.00000000000001,accel,31.661867231309444,False
3715.4032770474787,3.7154032770474785,25.48911976946973,51.4497364387244,inf,inf,False,straight,-1,60.00000000000001,accel,31.72578941653377,False
3720.4051655551166,3.7204051655551167,25.48915879983308,51.44971143416436,inf,inf,False,straight,-1,60.00000000000001,accel,31.779010791799102,False
3725.4299891690766,3.7254299891690765,25.489198021495017,51.44968633832471,inf,inf,False,straight,-1,60.00000000000001,accel,31.82289036370292,False
3730.46315609106,3.73046315609106,25.489237319341864,51.44966122180209,inf,inf,False,straight,-1,60.00000000000001,accel,31.854635377575608,False
3735.469139361645,3.735469139361645,25.489276413327804,51.4496362568532,inf,inf,False,straight,-1,60.00000000000001,accel,31.87792738116615,False
3740.450086632527,3.740450086632527,25.489315319804547,51.44961143198214,inf,inf,False,straight,-1,60.00000000000001,accel,31.895942732588864,False
3745.452056791344,3.7454520567913443,25.48935439971008,51.44958651987105,inf,inf,False,straight,-1,60.00000000000001,accel,31.90981475945761,False
3750.450571328292,3.750450571328292,25.48939345883159,51.449561636803125,inf,inf,False,straight,-1,60.00000000000001,cruise,31.92029325502064,False
3755.4493179296724,3.7554493179296724,25.48943252540295,51.44953676331861,inf,inf,False,straight,-1,60.00000000000001,cruise,31.74943696308235,False
3760.4467664519134,3.7604467664519134,25.489471586982717,51.4495119061167,inf,inf,False,straight,-1,60.00000000000001,cruise,31.57610213566438,False
3765.4447576757652,3.7654447576757653,25.489510658162743,51.44948705643528,inf,inf,False,straight,-1,60.00000000000001,cruise,31.400125588027517,False
3770.4576773373783,3.770457677337378,25.489549853143345,51.449462146079775,inf,inf,False,straight,-1,60.00000000000001,cruise,31.221362312362352,False
3775.4594873627702,3.7754594873627703,25.489588966618424,51.44943730116367,inf,inf,False,straight,-1,60.00000000000001,cruise,31.04037921455549,False
3780.4656779305537,3.780465677930554,25.48962812090112,51.4494124470094,inf,inf,False,straight,-1,60.00000000000001,cruise,30.85959015731607,False
3785.483812027861,3.785483812027861,25.489667376304205,51.449387548299065,inf,inf,False,straight,-1,60.00000000000001,cruise,30.679900860153147,False
3790.4881915447777,3.7904881915447777,25.48970653265889,51.44936273419842,inf,inf,False,straight,-1,60.00000000000001,accel,30.507553360450828,False
3795.4822179915336,3.7954822179915335,25.489745617174822,51.44933798899557,inf,inf,False,straight,-1,60.00000000000001,accel,30.538258808347447,False
3800.4813999404737,3.8004813999404736,25.48978475198131,51.449313237311735,inf,inf,False,straight,-1,60.00000000000001,accel,30.57369322368855,False
3805.4531826964817,3.8054531826964815,25.489823684658656,51.449288645009815,inf,inf,False,straight,-1,60.00000000000001,accel,30.596760862395097,False
3810.4253821351585,3.8104253821351586,25.48986263568592,51.44926407965077,inf,inf,False,straight,-1,60.00000000000001,accel,30.596760862395097,False
3815.434980386481,3.815434980386481,25.4899018994304,51.44923936754629,inf,inf,False,straight,-1,60.00000000000001,accel,30.596760862395097,False
3820.4413515101733,3.820441351510173,25.489941147569898,51.44921469004834,inf,inf,False,straight,-1,60.00000000000001,accel,30.596760862395097,False
3825.4551883467166,3.8254551883467167,25.48998046412003,51.4491899948308,inf,inf,False,straight,-1,60.00000000000001,accel,30.596760862395097,False
3830.4627686747895,3.8304627686747894,25.490019738513432,51.44916534377175,inf,inf,False,straight,-1,60.00000000000001,accel,30.596760862395097,False
3835.4617596862854,3.8354617596862854,25.490058950980128,51.44914074551372,inf,inf,False,straight,-1,60.00000000000001,accel,30.596760862395097,False
3840.4618045738357,3.840461804573836,25.49009817671188,51.44911615174068,inf,inf,False,straight,-1,60.00000000000001,accel,30.596760862395097,False
3845.4622283583844,3.8454622283583846,25.490137409827668,51.44909156464353,inf,inf,False,straight,-1,60.00000000000001,accel,30.596760862395097,False
3850.459117915838,3.850459117915838,25.49017661922064,51.44906700268326,inf,inf,False,straight,-1,60.00000000000001,accel,30.596760862395097,False
3855.4626001443326,3.8554626001443326,25.490215884969466,51.44904241727726,inf,inf,False,straight,-1,60.00000000000001,accel,30.596760862395097,False
3860.4628390583443,3.860462839058344,25.49025512920261,51.44901785543863,inf,inf,False,straight,-1,60.00000000000001,accel,30.596760862395097,False
3865.464493499916,3.865464493499916,25.49029438879461,51.44899329488641,inf,inf,False,straight,-1,60.00000000000001,accel,30.596760862395097,False
3870.4637176328865,3.8704637176328864,25.490333634214995,51.448968755783575,inf,inf,False,straight,-1,60.00000000000001,accel,30.596760862395097,False
3875.464459391322,3.8754644593913223,25.490372897507367,51.4489442207972,inf,inf,False,straight,-1,60.00000000000001,accel,30.641223164085385,False
3880.4587762612528,3.8804587762612526,25.490412117169097,51.44891973056969,inf,inf,False,straight,-1,60.00000000000001,accel,30.680857641604327,False
3885.468976244847,3.885468976244847,25.49045147132302,51.44889518144092,inf,inf,False,straight,-1,60.00000000000001,accel,30.71943841535785,False
3890.474963862883,3.890474963862883,25.490490807216048,51.44887068181407,inf,inf,False,straight,-1,60.00000000000001,accel,30.753498120145288,False
3895.5000925490535,3.8955000925490535,25.490530312906287,51.4488461263253,inf,inf,False,straight,-1,60.00000000000001,accel,30.788641349274627,False
3900.52348210961,3.90052348210961,25.49056983517075,51.44882163847412,inf,inf,False,straight,-1,60.00000000000001,accel,30.82453701505005,False
3905.496252146959,3.9054962521469587,25.490609008866016,51.44879749494476,inf,inf,False,straight,-1,60.00000000000001,accel,30.86167461857812,False
3910.405819737803,3.910405819737803,25.490647748722207,51.44877378480614,inf,inf,False,straight,-1,60.00000000000001,accel,30.900139580393933,False
3915.3998972064937,3.915399897206494,25.49068722475329,51.44874980451098,inf,inf,False,straight,-1,60.00000000000001,accel,30.938366646569957,False
3920.4455146002565,3.9204455146002566,25.490727157157263,51.448725674812266,inf,inf,False,straight,-1,60.00000000000001,accel,30.9821263813421,False
3925.4877772785608,3.9254877772785606,25.490767076549663,51.44870158836279,inf,inf,False,straight,-1,60.00000000000001,accel,31.032199196418883,False
3930.519839907,3.930519839907,25.490806915594906,51.44867755145499,inf,inf,False,straight,-1,60.00000000000001,accel,31.08422660283105,False
3935.4963994684035,3.9354963994684034,25.490846285924828,51.448653720851055,inf,inf,False,straight,-1,60.00000000000001,accel,31.134848837131926,False
3940.443102594035,3.9404431025940347,25.4908853906784,51.448629974421,inf,inf,False,straight,-1,60.00000000000001,accel,31.18210478214944,False
3945.4439712025037,3.945443971202504,25.490924895749284,51.4486059123623,inf,inf,False,straight,-1,60.00000000000001,accel,31.229455974576133,False
3950.444786254735,3.950444786254735,25.49096438312865,51.448581816192245,inf,inf,False,straight,-1,60.00000000000001,accel,31.27101741788238,False
3955.4455696183154,3.9554455696183153,25.491003857179997,51.44855769418898,inf,inf,False,straight,-1,60.00000000000001,accel,31.294338937180378,False
3960.4457390842995,3.9604457390842995,25.491043316470947,51.44853355547085,inf,inf,False,straight,-1,60.00000000000001,accel,31.31352725293841,False
3965.446287185813,3.9654462871858134,25.49108277105456,51.448509399667294,inf,inf,False,straight,-1,60.00000000000001,accel,31.31015243797301,False
3970.4412846878167,3.9704412846878165,25.4911221763228,51.44848525973829,inf,inf,False,straight,-1,60.00000000000001,accel,31.28690651376003,False
3975.447567884521,3.975447567884521,25.49116166512407,51.44846105437848,inf,inf,False,straight,-1,60.00000000000001,accel,31.252135830952245,False
3980.4653179287247,3.980465317928725,25.491201239969357,51.44843678485927,inf,inf,False,straight,-1,60.00000000000001,accel,31.18498907853055,False
3985.477826662084,3.985477826662084,25.491240773849945,51.44841254142965,inf,inf,False,straight,-1,60.00000000000001,accel,31.092236466191927,False
3990.486960922811,3.990486960922811,25.491280282748598,51.44838831755176,inf,inf,False,straight,-1,60.00000000000001,cruise,30.98546693169489,False
3995.4751975034533,3.9954751975034535,25.49131963456508,51.44836421006888,inf,inf,False,straight,-1,60.00000000000001,cruise,30.67602847624747,False
4000.448328940272,4.000448328940272,25.4913588749419,51.44834019089153,inf,inf,False,straight,-1,60.00000000000001,cruise,30.35767018790456,False
4005.4397564910005,4.0054397564910005,25.49139826523439,51.4483160943542,inf,inf,False,straight,-1,60.00000000000001,cruise,30.035899542262943,False
4010.435725800794,4.010435725800794,25.491437696716595,51.448291986502014,inf,inf,False,straight,-1,60.00000000000001,cruise,29.707394060613986,False
4015.431823907475,4.015431823907475,25.491477134747083,51.44826788901015,inf,inf,False,straight,-1,60.00000000000001,cruise,29.374752216289966,False
4020.436032367696,4.020436032367696,25.49151664296762,51.448243764654215,inf,inf,False,straight,-1,60.00000000000001,cruise,29.041093976492952,False
4025.451435226276,4.025451435226276,25.491556246834428,51.44821960077745,inf,inf,False,straight,-1,60.00000000000001,cruise,28.70892803756912,False
4030.4595940840973,4.030459594084097,25.491595802841196,51.44819549038928,inf,inf,False,straight,-1,60.00000000000001,cruise,28.3893147757498,False
4035.4537345761096,4.03545373457611,25.491635259246543,51.44817146963868,inf,inf,False,straight,-1,60.00000000000001,cruise,28.07749008779595,False
4040.440739225458,4.040440739225458,25.49167467148975,51.44814750757158,inf,inf,False,straight,-1,60.00000000000001,cruise,27.77442157758702,False
4045.433113260893,4.045433113260893,25.49171413987776,51.44812354708842,inf,inf,False,straight,-1,60.00000000000001,cruise,27.481176830953014,False
4050.395452769953,4.050395452769953,25.491753390314805,51.44809976975832,inf,inf,False,straight,-1,60.00000000000001,cruise,27.19320351742565,False
4055.38980774169,4.05538980774169,25.491792916228626,51.448075883635575,inf,inf,False,straight,-1,60.00000000000001,cruise,26.90888818564779,False
4060.4162209273236,4.060416220927324,25.49183272057835,51.44805189389865,inf,inf,False,straight,-1,60.00000000000001,cruise,26.633021364868945,False
4065.418933285831,4.065418933285831,25.491872361415385,51.44802806601514,inf,inf,False,straight,-1,60.00000000000001,cruise,26.36787304398453,False
4070.4109932667025,4.0704109932667025,25.491911942518687,51.44800433874495,inf,inf,False,straight,-1,60.00000000000001,cruise,26.112826336417704,False
4075.4265911008983,4.075426591100898,25.49195173665452,51.44798055312502,inf,inf,False,straight,-1,60.00000000000001,cruise,25.864445907849586,False
4080.43235998133,4.08043235998133,25.49199148392109,51.44795687738963,inf,inf,False,straight,-1,60.00000000000001,cruise,25.617677892997158,False
4085.4076284615753,4.085407628461575,25.49203102748063,51.447933424456735,inf,inf,False,straight,-1,60.00000000000001,cruise,25.370262709208586,False
4090.4311528114913,4.090431152811491,25.492070994537137,51.44790982598199,inf,inf,False,straight,-1,60.00000000000001,cruise,25.116923403261445,False
4095.426363520235,4.095426363520235,25.492110784875877,51.44788646054853,inf,inf,False,straight,-1,60.00000000000001,cruise,24.85934140602015,False
4100.377242951612,4.100377242951612,25.49215027993716,51.447863422418266,inf,inf,False,straight,-1,60.00000000000001,cruise,24.59877443576953,False
4105.3804080836835,4.1053804080836835,25.492190253494154,51.44784026914166,inf,inf,False,straight,-1,60.00000000000001,cruise,24.331504480554297,False
4110.408577957168,4.110408577957168,25.492230491795716,51.44781713675561,inf,inf,False,straight,-1,60.00000000000001,accel,24.054102444826416,False
4115.401716921739,4.115401716921738,25.492270522924983,51.44779432062295,inf,inf,False,straight,-1,60.00000000000001,accel,24.086893323240165,False
4120.41539643467,4.1204153964346695,25.492310803151423,51.44777159125029,inf,inf,False,straight,-1,60.00000000000001,accel,24.10856500743716,False
4125.471918697754,4.1254719186977535,25.49235152941591,51.4477488879659,inf,inf,False,straight,-1,60.00000000000001,accel,24.11246599757228,False
4130.491643669446,4.130491643669446,25.49239209515937,51.44772664806628,inf,inf,False,straight,-1,60.00000000000001,accel,24.10068562745272,False
4135.499957247937,4.135499957247937,25.49243272796932,51.44770481480928,inf,inf,False,straight,-1,60.00000000000001,accel,24.073283436828135,False
4140.551768770646,4.140551768770646,25.49247390353152,51.4476832259111,inf,inf,False,straight,-1,60.00000000000001,accel,24.029405883620328,False
4145.629473016176,4.145629473016176,25.4925155404372,51.44766211536167,75.5,52.7,False,turn,1,60.00000000000001,accel,23.962986800982183,True
4150.647997070994,4.150647997070994,25.49255704157073,51.44764210845769,75.5,52.7,False,turn,1,60.00000000000001,accel,23.87833093378765,False
4155.58989240798,4.15558989240798,25.4925983510718,51.44762355940504,75.5,52.7,False,turn,1,60.00000000000001,accel,23.77680050191706,False
4160.534460204167,4.1605344602041665,25.492640217584672,51.4476065164163,75.5,52.7,False,turn,1,60.00000000000001,accel,23.657905994930843,False
4165.3681710564415,4.165368171056442,25.492681810200192,51.44759198973492,75.5,52.7,False,turn,1,60.00000000000001,accel,23.522946506852,False
4170.086067032993,4.170086067032993,25.49272317283112,51.44758081833512,75.5,52.7,False,turn,1,60.00000000000001,accel,23.36380250519956,False
4174.886432518675,4.174886432518675,25.492766003555356,51.44757357732528,75.5,52.7,False,turn,1,60.00000000000001,accel,23.17859881732357,False
4179.725982025885,4.179725982025885,25.492809658247385,51.44757175749036,75.5,52.7,False,turn,1,60.00000000000001,accel,22.9688241192514,False
4184.406721771216,4.184406721771216,25.4928518366345,51.44757451088873,75.5,52.7,False,turn,1,60.00000000000001,accel,22.795295731057525,False
4189.194751650951,4.189194751650951,25.49289462232472,51.44758125004222,75.5,52.7,False,turn,1,60.00000000000001,accel,22.64881187070175,False
4194.079543388474,4.194079543388474,25.492937733200485,51.44759145119826,75.5,52.7,False,turn,1,60.00000000000001,accel,22.533334846516944,False
4198.839378967197,4.198839378967198,25.492979032669048,51.44760450632016,75.5,52.7,False,turn,1,60.00000000000001,accel,22.439907612161356,False
4203.5691282790685,4.203569128279068,25.493019208921485,51.44762042016699,75.5,52.7,False,turn,1,60.00000000000001,accel,22.358161048736637,False
4208.36174281399,4.20836174281399,25.493058874404436,51.44763944437447,75.5,52.7,False,turn,1,60.00000000000001,accel,22.288311090621843,False
4213.006888629614,4.213006888629614,25.49309600431648,51.44766090559362,75.5,52.7,False,turn,1,60.00000000000001,accel,22.22365806056421,False
4217.520938649603,4.217520938649603,25.493130577192765,51.447684661341455,75.5,52.7,False,turn,1,60.00000000000001,accel,22.18519622949392,False
4221.973867753548,4.221973867753548,25.493162851310057,51.44771105456014,75.5,52.7,False,turn,1,60.00000000000001,accel,22.16735351935684,False
4226.367094802681,4.226367094802681,25.493192400825706,51.44774018826877,75.5,52.7,False,turn,1,60.00000000000001,accel,22.16496519679186,False
4230.697147518573,4.230697147518573,25.49321914897364,51.44777158332612,75.5,52.7,False,turn,1,60.00000000000001,cruise,22.172186264476483,False
4234.912741648477,4.234912741648477,25.49324262535869,51.447804573139685,75.5,52.7,False,turn,1,60.00000000000001,accel,21.895645876697035,False
4238.947742644193,4.238947742644193,25.49326294181899,51.44783787358424,75.5,52.7,False,turn,1,60.00000000000001,accel,21.96172089292253,False
4242.89541859812,4.2428954185981205,25.49328096030543,51.447871739315374,75.5,52.7,False,turn,1,60.00000000000001,cruise,22.01179624800932,False
4246.628416924976,4.246628416924976,25.49329634196284,51.44790476543464,75.5,52.7,False,turn,1,60.00000000000001,accel,21.815207422617785,False
4250.218843272393,4.2502188432723935,25.49330942027436,51.44793743089453,75.5,52.7,False,turn,1,60.00000000000001,accel,21.905715916947337,False
4253.907741508152,4.253907741508152,25.49332088113205,51.44797187018794,75.5,52.7,False,turn,1,60.00000000000001,accel,21.9901878763882,False
4257.794155989073,4.257794155989073,25.49333066809456,51.44800898026286,75.5,52.7,False,turn,1,60.00000000000001,cruise,22.01179624800932,False
4261.780785411748,4.261780785411748,25.493338377865275,51.4480477006267,75.5,52.7,False,turn,1,60.00000000000001,accel,21.81053191239894,False
4265.811011361108,4.265811011361108,25.49334351941048,51.44808737266811,75.5,52.7,False,turn,1,60.00000000000001,accel,21.917057643651223,False
4270.011964193399,4.270011964193399,25.49334567217904,51.44812907718725,75.5,52.7,False,turn,1,60.00000000000001,cruise,22.01179624800932,False
4274.290619777522,4.274290619777522,25.493344046774936,51.448171584011405,75.5,52.7,False,turn,1,60.00000000000001,accel,21.7678447384086,False
4278.548499092089,4.278548499092088,25.493339267069366,51.44821359329174,75.5,52.7,False,turn,1,60.00000000000001,accel,21.87443818790985,False
4282.828626834179,4.282828626834179,25.493331751991064,51.44825533959564,75.5,52.7,False,turn,1,60.00000000000001,accel,21.988529359779417,False
4287.1810953917875,4.287181095391787,25.493321757927347,51.448297194480055,75.5,52.7,False,turn,1,60.00000000000001,cruise,22.01179624800932,False
4291.478656088944,4.291478656088945,25.49330971620671,51.44833781616954,75.5,52.7,False,turn,1,60.00000000000001,accel,21.806870966428423,False
4295.811989482799,4.295811989482798,25.493295384447396,51.44837790811829,75.5,52.7,False,turn,1,60.00000000000001,accel,21.933073156410146,False
4300.214122396062,4.300214122396062,25.49327914924278,51.4484178604402,75.5,52.7,False,turn,1,60.00000000000001,cruise,22.01179624800932,False
4304.772512811573,4.304772512811573,25.49326105335974,51.44845856809643,75.5,52.7,False,turn,1,60.00000000000001,accel,21.81536367354193,False
4309.397306962163,4.309397306962163,25.493241770107065,51.4484993547555,75.5,52.7,False,turn,1,60.00000000000001,accel,21.984907224776737,False
4314.0751029573275,4.314075102957328,25.49322156271509,51.44854019613645,75.5,52.7,False,turn,1,60.00000000000001,cruise,22.01179624800932,False
4318.815858685875,4.318815858685875,25.493200522566,51.44858124451679,75.5,52.7,False,turn,1,60.00000000000001,accel,21.835223418502466,False
4323.563897285407,4.323563897285407,25.49317900056947,51.44862207241721,75.5,52.7,False,turn,1,60.00000000000001,cruise,22.01179624800932,False
4328.325107518541,4.328325107518541,25.4931570248207,51.44866275844108,75.5,52.7,False,turn,1,60.00000000000001,accel,21.84830938100229,False
4333.13532753237,4.33313532753237,25.493134451773244,51.44870361729289,75.5,52.7,False,turn,1,60.00000000000001,cruise,22.01179624800932,False
4338.051436946364,4.3380514369463645,25.493111011554014,51.44874512463621,75.5,52.7,False,turn,1,60.00000000000001,accel,21.857174559664973,False
4342.957758791334,4.342957758791334,25.49308723346505,51.44878628282273,75.5,52.7,False,turn,1,60.00000000000001,cruise,22.01179624800932,False
4347.880289279996,4.3478802892799955,25.49306294011499,51.44882726688119,75.5,52.7,False,turn,1,60.00000000000001,accel,21.87034607000912,False
4352.833968727895,4.352833968727895,25.49303797323781,51.44886813069778,75.5,52.7,False,turn,1,60.00000000000001,cruise,22.01179624800932,False
4357.79127536433,4.35779127536433,25.49301234408984,51.448908537966766,75.5,52.7,False,turn,1,60.00000000000001,cruise,21.88253700137869,False
4362.703562776583,4.3627035627765824,25.492986436985632,51.44894817929592,75.5,52.7,False,turn,1,60.00000000000001,cruise,21.766734595974576,False
4367.640106716854,4.367640106716854,25.492959990339838,51.448987686013794,75.5,52.7,False,turn,1,60.00000000000001,cruise,21.660078142781693,False
4372.612968468506,4.372612968468506,25.4929330152667,51.449027209554295,75.5,52.7,False,turn,1,60.00000000000001,cruise,21.55858676707116,False
4377.520606460299,4.377520606460299,25.49290611551648,51.449065982185125,75.5,52.7,False,turn,1,60.00000000000001,cruise,21.459231819712183,False
4382.410805319459,4.382410805319458,25.49287903572765,51.44910438310857,75.5,52.7,False,turn,1,60.00000000000001,cruise,21.356830304476244,False
4387.174220745097,4.387174220745097,25.4928524134357,51.44914157761094,75.5,52.7,False,turn,1,60.00000000000001,cruise,21.251132438023973,False
4392.0555623421415,4.392055562342142,25.492824725189887,51.44917933524314,75.5,52.7,False,turn,1,60.00000000000001,cruise,21.135672972992847,False
4397.162557183469,4.397162557183469,25.49279530246385,51.44921842860084,75.5,52.7,False,turn,1,60.00000000000001,cruise,21.00205113253337,False
4402.316548029497,4.402316548029497,25.492765465004343,51.44925774968299,75.5,52.7,False,turn,1,60.00000000000001,cruise,20.861606412096496,False
4407.499643697383,4.407499643697383,25.492735396891003,51.44929723547895,75.5,52.7,False,turn,1,60.00000000000001,cruise,20.7072988111462,False
4412.621906998253,4.412621906998252,25.49270576242802,51.44933633228214,inf,inf,False,straight,-1,60.00000000000001,cruise,20.53218501234105,False
4417.588162016662,4.417588162016662,25.49267720073025,51.44937439406216,203.5,383.0,False,turn,2,60.00000000000001,cruise,20.34126914420337,True
4422.577941753241,4.422577941753241,25.492648579934425,51.44941270536163,203.5,383.0,False,turn,2,60.00000000000001,cruise,20.14404379791291,False
4427.600701152927,4.427600701152928,25.492619829965747,51.44945132416602,203.5,383.0,False,turn,2,60.00000000000001,cruise,19.93598951784346,False
4432.611224116714,4.432611224116714,25.49259121074993,51.44948990363248,203.5,383.0,False,turn,2,60.00000000000001,cruise,19.72276602783873,False
4437.62034538301,4.43762034538301,25.492562657954352,51.44952852479652,203.5,383.0,False,turn,2,60.00000000000001,cruise,19.511832849221708,False
4442.685073290804,4.4426850732908045,25.4925338469526,51.44956762731987,203.5,383.0,False,turn,2,60.00000000000001,cruise,19.30163427076636,False
4447.742336720296,4.447742336720297,25.492505132051917,51.449606720094096,203.5,383.0,False,turn,2,60.00000000000001,cruise,19.102170784655456,False
4452.724054973386,4.452724054973386,25.492476900785707,51.44964527757022,203.5,383.0,False,turn,2,60.00000000000001,cruise,18.93777103100652,False
4457.707847639453,4.457707847639453,25.49244871824885,51.44968390474341,203.5,383.0,False,turn,2,60.00000000000001,cruise,18.78248459875872,False
4462.7009284838105,4.462700928483811,25.49242053984421,51.44972265397894,203.5,383.0,False,turn,2,60.00000000000001,cruise,18.650864345328127,False
4467.709969896939,4.467709969896939,25.49239232805064,51.44976157701239,203.5,383.0,False,turn,2,60.00000000000001,cruise,18.54034339083964,False
4472.75685278319,4.47275685278319,25.492363971628603,51.44980085422153,203.5,383.0,False,turn,2,60.00000000000001,cruise,18.433491051843863,False
4477.8052456930245,4.477805245693024,25.49233565186059,51.44984018267269,203.5,383.0,False,turn,2,60.00000000000001,cruise,18.351552039549507,False
4482.832588538239,4.48283258853824,25.492307481070927,51.4498793741075,203.5,383.0,False,turn,2,60.00000000000001,cruise,18.277413492014293,False
4487.820018285542,4.487820018285541,25.49227955672784,51.44991827425994,203.5,383.0,False,turn,2,60.00000000000001,cruise,18.205186270393867,False
4492.921258569591,4.4929212585695915,25.492251053361027,51.44995811269913,203.5,383.0,False,turn,2,60.00000000000001,cruise,18.1289835484149,False
4498.129698286884,4.498129698286885,25.49222205880576,51.449998881617816,203.5,383.0,False,turn,2,60.00000000000001,cruise,18.04829386348742,False
4503.282286630586,4.503282286630586,25.492193654168997,51.45003945224878,203.5,383.0,False,turn,2,60.00000000000001,cruise,17.955057921545095,False
4508.362243645007,4.508362243645007,25.49216603875487,51.45007977768501,203.5,383.0,False,turn,2,60.00000000000001,cruise,17.84994852449744,False
4513.103326099425,4.513103326099426,25.492141081031114,51.45011807420645,203.5,383.0,False,turn,2,60.00000000000001,cruise,17.727085642061677,False
4517.664171597425,4.517664171597425,25.4921179335565,51.45015557786564,inf,inf,False,straight,-1,60.00000000000001,cruise,17.591595329479556,False
4522.552846234783,4.522552846234783,25.492093934515623,51.45019637120885,inf,inf,False,straight,-1,60.00000000000001,cruise,17.43789007631456,False
4527.5302274514,4.5275302274513995,25.49207001230559,51.45023826506719,inf,inf,False,straight,-1,59.41440644613079,cruise,17.28227861191037,False
4532.542624487153,4.532542624487153,25.492046302002336,51.45028071419264,inf,inf,False,straight,-1,56.03844840683787,cruise,17.104298774729248,False
4537.600326922258,4.5376003269222585,25.49202268559662,51.45032375404216,inf,inf,False,straight,-1,52.41202875764362,cruise,16.89818449533825,False
4542.635657391376,4.542635657391377,25.491999416126028,51.45036676381619,inf,inf,False,straight,-1,48.53322018178319,cruise,16.666340789498005,False
4547.647650145441,4.547647650145441,25.49197645561828,51.45040970550055,inf,inf,False,straight,-1,44.33667674349748,cruise,16.396243786232407,False
4552.682310398507,4.552682310398507,25.49195355744427,51.450452948686106,inf,inf,False,straight,-1,39.676765535751,cruise,16.099651040560946,False
4557.72372653999,4.55772372653999,25.49193077838061,51.450496345750174,inf,inf,False,straight,-1,34.383501919049095,cruise,15.777590137633748,False
4562.789332807197,4.5627893328071965,25.491908032234484,51.450540041250015,inf,inf,False,straight,-1,28.077102074096643,cruise,15.42963190342442,False
4567.857068173728,4.567857068173728,25.49188542687365,51.45058384966373,inf,inf,False,straight,-1,19.85589481181234,cruise,15.059293386256918,False
4572.92723996871,4.57292723996871,25.49186298088211,51.4506277851977,inf,inf,True,straight,-1,0.0,brake,14.666713396043775,False
4578.057818128557,4.578057818128557,25.49184046076318,51.450672363337056,inf,inf,False,straight,-1,60.00000000000001,accel,0.0,False
4583.19908013792,4.58319908013792,25.491818145173283,51.45071718730357,inf,inf,False,straight,-1,60.00000000000001,accel,10.552583845298518,False
4588.284251431963,4.588284251431963,25.491796417629,51.45076172829874,inf,inf,False,straight,-1,60.00000000000001,accel,14.864399570188514,False
4593.4701460710685,4.593470146071068,25.49177462063777,51.45080736292458,inf,inf,False,straight,-1,60.00000000000001,accel,18.25705653332604,False
4598.592710451019,4.598592710451019,25.491753654249838,51.450852761940055,inf,inf,False,straight,-1,60.00000000000001,accel,21.0618130524605,False
4603.4898446064135,4.603489844606414,25.49173442527077,51.450896608061456,inf,inf,False,straight,-1,60.00000000000001,accel,23.08825576750356,False
4608.4272371883535,4.608427237188353,25.49171592813788,51.4509412749304,inf,inf,False,straight,-1,60.00000000000001,accel,24.78125530220427,False
4613.573127003391,4.6135731270033915,25.49169764863679,51.45098831430391,inf,inf,False,straight,-1,60.00000000000001,accel,26.31821020097317,False
4618.519648395257,4.618519648395257,25.491681022210823,51.45103396270829,inf,inf,False,straight,-1,60.00000000000001,accel,27.600227817736933,False
4623.437487865087,4.623437487865087,25.49166545759407,51.451079758751504,inf,inf,False,straight,-1,60.00000000000001,accel,28.742452573770542,False
4628.555917920553,4.628555917920553,25.491650257053784,51.451127820331045,inf,inf,False,straight,-1,60.00000000000001,cruise,29.36532868446487,False
4633.634959230632,4.6336349592306325,25.49163601802112,51.45117582604506,inf,inf,False,straight,-1,60.00000000000001,accel,29.11282447045,False
4638.390947702627,4.638390947702627,25.49162353755916,51.451221074518905,inf,inf,False,straight,-1,60.00000000000001,cruise,29.36532868446487,False
4643.483434772448,4.643483434772448,25.49161172826944,51.45127001189478,110.0,111.9,False,turn,3,60.00000000000001,accel,29.08603235435249,True
4648.804086948272,4.648804086948272,25.4916007549844,51.451321518091945,110.0,111.9,False,turn,3,60.00000000000001,cruise,29.36532868446487,False
4654.080296300666,4.654080296300666,25.49159015985615,51.45137266709874,110.0,111.9,False,turn,3,60.00000000000001,accel,29.139896470024247,False
4659.324594577802,4.659324594577802,25.49157973108836,51.451423532327055,110.0,111.9,False,turn,3,60.00000000000001,cruise,29.36532868446487,False
4664.422011870314,4.664422011870315,25.491569156272327,51.45147286145562,110.0,111.9,False,turn,3,60.00000000000001,accel,29.160972904242985,False
4669.2589530338855,4.669258953033886,25.491558443568398,51.45151948713871,110.0,111.9,False,turn,3,60.00000000000001,accel,29.029110814788456,False
4674.208265342468,4.674208265342468,25.491546989812797,51.45156705552362,110.0,111.9,False,turn,3,60.00000000000001,accel,29.037650861159943,False
4679.108609690326,4.679108609690326,25.491534877417667,51.45161391947498,110.0,111.9,False,turn,3,60.00000000000001,accel,29.03590654387345,False
4683.955887166374,4.683955887166374,25.491521879367152,51.451659942308495,110.0,111.9,False,turn,3,60.00000000000001,accel,29.02208509409728,False
4688.761819002867,4.688761819002867,25.491507638849395,51.45170508181465,110.0,111.9,False,turn,3,60.00000000000001,accel,28.99503476765369,False
4693.494704087353,4.693494704087353,25.49149176422944,51.45174877358686,110.0,111.9,False,turn,3,60.00000000000001,accel,28.94761425503874,False
4698.1961022642045,4.6981961022642045,25.49147350162844,51.45179097176688,110.0,111.9,False,turn,3,60.00000000000001,accel,28.873402209055108,False
4703.002840018075,4.703002840018075,25.491451694633863,51.45183229230316,inf,inf,False,straight,-1,60.00000000000001,accel,28.77722755923774,False
4707.89704026372,4.7078970402637195,25.491425838942597,51.45187175275279,inf,inf,False,straight,-1,60.00000000000001,accel,28.654969739738767,False
4712.842288312131,4.712842288312131,25.491397267196547,51.45190953391657,63.7,37.6,False,turn,4,60.00000000000001,accel,28.576403314563112,True
4717.869178573841,4.717869178573841,25.49136651648583,51.451946290799405,63.7,37.6,False,turn,4,60.00000000000001,accel,28.52443562469514,False
4722.944774100222,4.722944774100222,25.491334305349117,51.45198218154397,63.7,37.6,False,turn,4,60.00000000000001,accel,28.48763246860649,False
4728.007320707393,4.728007320707393,25.491301398766915,51.45201711170904,63.7,37.6,False,turn,4,60.00000000000001,accel,28.460210696876995,False
4733.054095631325,4.733054095631325,25.49126804073267,51.45205128850538,63.7,37.6,False,turn,4,60.00000000000001,accel,28.437955648080464,False
4738.083894133153,4.738083894133153,25.49123439902405,51.45208487538133,63.7,37.6,False,turn,4,60.00000000000001,accel,28.419135435380795,False
4743.10378834814,4.74310378834814,25.491200538786646,51.4521180467278,63.7,37.6,False,turn,4,60.00000000000001,accel,28.405576467188997,False
4748.119290168738,4.748119290168738,25.49116650921402,51.45215094096383,63.7,37.6,False,turn,4,60.00000000000001,accel,28.398157387981477,False
4753.136886176811,4.753136886176811,25.49113233694472,51.45218368694515,63.7,37.6,False,turn,4,60.00000000000001,accel,28.39823832319309,False
4758.171724662041,4.758171724662041,25.49109797191461,51.45221644982383,63.7,37.6,False,turn,4,60.00000000000001,accel,28.410509317546364,False
4763.206438949636,4.763206438949636,25.491063597346614,51.45224919867171,63.7,37.6,False,turn,4,60.00000000000001,accel,28.430777094988,False
4768.209687759663,4.768209687759663,25.49102948847397,51.452281807518496,63.7,37.6,False,turn,4,60.00000000000001,accel,28.453971036320105,False
4773.175761488896,4.773175761488895,25.490995734723565,51.45231430268731,inf,inf,False,straight,-1,60.00000000000001,accel,28.478975384050266,False
4778.097886388073,4.778097886388073,25.490962436605432,51.45234670699182,inf,inf,False,straight,-1,60.00000000000001,accel,28.500928195036625,False
4783.0056187853315,4.783005618785332,25.490929445229423,51.45237927574466,121.0,135.4,False,turn,5,60.00000000000001,accel,28.52213116980992,True
4787.905186477781,4.787905186477781,25.490896796866448,51.452412141020574,121.0,135.4,False,turn,5,60.00000000000001,accel,28.543844405173868,False
4792.789868015222,4.792789868015222,25.490864645047555,51.45244537906776,121.0,135.4,False,turn,5,60.00000000000001,accel,28.564992911754715,False
4797.692897889925,4.797692897889925,25.49083291160144,51.45247936369959,121.0,135.4,False,turn,5,60.00000000000001,accel,28.58373875177685,False
4802.630301682996,4.8026303016829965,25.4908016860206,51.45251439506654,121.0,135.4,False,turn,5,60.00000000000001,accel,28.59784869742712,False
4807.57023204984,4.80757023204984,25.490771440868265,51.452550489276994,121.0,135.4,False,turn,5,60.00000000000001,accel,28.604065360779963,False
4812.511726430258,4.812511726430258,25.490741985674767,51.4525873883872,121.0,135.4,False,turn,5,60.00000000000001,accel,28.62206632332588,False
4817.466083748415,4.817466083748415,25.49071310954262,51.45262500639808,121.0,135.4,False,turn,5,60.00000000000001,accel,28.649542236490007,False
4822.4340262151945,4.822434026215195,25.490684713081304,51.452663239582485,121.0,135.4,False,turn,5,60.00000000000001,accel,28.68461457404352,False
4827.403740280029,4.827403740280029,25.49065681381081,51.45270193686167,121.0,135.4,False,turn,5,60.00000000000001,accel,28.725433445408918,False
4832.375309126067,4.832375309126067,25.490629402857333,51.45274107858817,121.0,135.4,False,turn,5,60.00000000000001,accel,28.77006821131686,False
4837.348805862977,4.837348805862978,25.4906025139467,51.45278068119035,121.0,135.4,False,turn,5,60.00000000000001,cruise,28.816716911964004,False
4842.324220588861,4.842324220588861,25.49057616190596,51.45282074283704,121.0,135.4,False,turn,5,60.00000000000001,cruise,28.644581225932345,False
4847.3015169049695,4.847301516904969,25.49055034475632,51.45286124773102,121.0,135.4,False,turn,5,60.00000000000001,cruise,28.474895233786857,False
4852.280648808579,4.852280648808579,25.490525060432635,51.45290218050168,inf,inf,False,straight,-1,60.00000000000001,accel,28.30668748442488,False
4857.261575769313,4.8572615757693125,25.490500306166684,51.45294352590626,inf,inf,False,straight,-1,60.00000000000001,cruise,28.350215339592538,False
4862.2442505381405,4.86224425053814,25.490476078829765,51.45298526894836,inf,inf,False,straight,-1,60.00000000000001,accel,28.18254971596656,False
4867.228628249532,4.867228628249532,25.49045237494971,51.45302739499149,inf,inf,False,straight,-1,60.00000000000001,accel,28.246585384026258,False
4872.214661409728,4.872214661409728,25.49042919052793,51.45306988957107,inf,inf,False,straight,-1,60.00000000000001,accel,28.31023302566904,False
4877.202302290414,4.877202302290414,25.490406521438597,51.4531127386873,inf,inf,False,straight,-1,60.00000000000001,cruise,28.350215339592538,False
4882.191503682108,4.882191503682108,25.4903843630259,51.45315592853982,inf,inf,False,straight,-1,60.00000000000001,accel,28.18572917200997,False
4887.182217081268,4.887182217081269,25.49036270757444,51.4531994439888,inf,inf,False,straight,-1,60.00000000000001,accel,28.25514916376328,False
4892.173977184325,4.892173977184325,25.490341533752343,51.45324325787824,inf,inf,False,straight,-1,60.00000000000001,accel,28.325855984896265,False
4897.166736644858,4.897166736644858,25.490320859716675,51.453287371611,inf,inf,False,straight,-1,60.00000000000001,cruise,28.350215339592538,False
4902.160859962831,4.902160859962831,25.490300745597857,51.453331813476375,inf,inf,False,straight,-1,60.00000000000001,accel,28.19201741068573,False
4907.156249721445,4.907156249721446,25.490281303513303,51.4533766307256,inf,inf,False,straight,-1,60.00000000000001,accel,28.26357047340588,False
4912.152569440791,4.912152569440791,25.4902623924422,51.45342173301383,inf,inf,False,straight,-1,60.00000000000001,accel,28.341409136450427,False
4917.1501051237165,4.917150105123716,25.49024391204025,51.453467064652834,inf,inf,False,straight,-1,60.00000000000001,cruise,28.350215339592538,False
4922.148906138024,4.922148906138024,25.49022579869695,51.45351258944118,inf,inf,False,straight,-1,60.00000000000001,accel,28.20517066302467,False
4927.148664849464,4.927148664849463,25.49020802121578,51.45355828495203,inf,inf,False,straight,-1,60.00000000000001,accel,28.292495596603008,False
4932.149553227551,4.932149553227552,25.490190575386283,51.45360414747839,inf,inf,False,straight,-1,60.00000000000001,cruise,28.350215339592538,False
4937.151704782234,4.937151704782234,25.490173485878763,51.45365018607298,inf,inf,False,straight,-1,60.00000000000001,accel,28.20430475361322,False
4942.144372063797,4.942144372063797,25.49015684622047,51.4536963227236,174.1,280.5,False,turn,6,60.00000000000001,accel,28.28918432845092,True
4947.127085767573,4.947127085767573,25.490140751826196,51.453742587514085,174.1,280.5,False,turn,6,60.00000000000001,cruise,28.350215339592538,False
4952.108224620682,4.952108224620682,25.49012531449097,51.45378910652706,174.1,280.5,False,turn,6,60.00000000000001,accel,28.20391470183249,False
4957.087361200524,4.957087361200524,25.490110732054134,51.45383593800055,174.1,280.5,False,turn,6,60.00000000000001,accel,28.2860636037218,False
4962.066367804566,4.962066367804566,25.49009680966885,51.45388301122407,174.1,280.5,False,turn,6,60.00000000000001,accel,28.36433973036569,False
4967.055957511809,4.967055957511809,25.490083380586224,51.45393036828153,174.1,280.5,False,turn,6,60.00000000000001,accel,28.4376220474156,False
4972.056234563505,4.972056234563505,25.49007035068936,51.45397797146207,174.1,280.5,False,turn,6,60.00000000000001,accel,28.513461899789828,False
4977.058659062918,4.9770586590629184,25.490057684646807,51.45402571589879,174.1,280.5,False,turn,6,60.00000000000001,accel,28.59114547124331,False
4982.063349426204,4.982063349426204,25.4900453065173,51.45407357530022,174.1,280.5,False,turn,6,60.00000000000001,accel,28.668938484932468,False
4987.06826049996,4.98706826049996,25.49003316209157,51.45412150957467,174.1,280.5,False,turn,6,60.00000000000001,accel,28.74557896589253,False
4992.0736821422215,4.992073682142221,25.49002121142732,51.454169508167695,174.1,280.5,False,turn,6,60.00000000000001,accel,28.821617011488016,False
4997.079949942738,4.997079949942737,25.49000943096207,51.454217566501065,174.1,280.5,False,turn,6,60.00000000000001,accel,28.898147336856365,False
5002.08740457481,5.00208740457481,25.489997811726514,51.45426568464973,174.1,280.5,False,turn,6,60.00000000000001,accel,28.97433185426628,False
5007.096346256522,5.007096346256522,25.4899863587711,51.4543138664306,174.1,280.5,False,turn,6,60.00000000000001,accel,29.04977367693701,False
5012.106988221167,5.012106988221166,25.48997509176498,51.45436211883639,174.1,280.5,False,turn,6,60.00000000000001,accel,29.12522180065008,False
5017.119412650528,5.017119412650528,25.489964046813384,51.45441045177309,174.1,280.5,False,turn,6,60.00000000000001,accel,29.20067664026632,False
5022.192691791901,5.022192691791901,25.48995316419713,51.4544594525464,174.1,280.5,False,turn,6,60.00000000000001,accel,29.276489810369185,False
5027.252658117034,5.0272526581170345,25.48994265768149,51.454508416807,174.1,280.5,False,turn,6,60.00000000000001,accel,29.353002659435905,False
5032.236594728554,5.032236594728555,25.489932750257974,51.45455675764208,174.1,280.5,False,turn,6,60.00000000000001,accel,29.42555257352964,False
5037.134474595645,5.037134474595645,25.489923602034,51.45460440541378,174.1,280.5,False,turn,6,60.00000000000001,accel,29.491866706639893,False
5042.038697638032,5.0420386976380325,25.489915242343333,51.45465229287704,174.1,280.5,False,turn,6,60.00000000000001,accel,29.5511431132657,False
5046.931308564417,5.046931308564417,25.489907935846528,51.45470027184728,174.1,280.5,False,turn,6,60.00000000000001,accel,29.60031530086396,False
5051.416812102635,5.0514168121026355,25.489902478798157,51.45474446620802,174.1,280.5,False,turn,6,60.00000000000001,accel,29.632877186213943,False
5056.510247237587,5.056510247237586,25.489898789851956,51.45479494914961,174.1,280.5,False,turn,6,60.00000000000001,accel,29.62898832381644,False
5062.048451969418,5.062048451969418,25.489896885924026,51.4548499779542,174.1,280.5,False,turn,6,60.00000000000001,accel,29.652039704523737,False
5067.402164964681,5.067402164964681,25.489895424092296,51.45490318786879,inf,inf,False,straight,-1,60.00000000000001,accel,29.726078086102056,False
5072.64110533195,5.07264110533195,25.48989397018892,51.45495525628515,inf,inf,False,straight,-1,60.00000000000001,accel,29.81373575063423,False
5077.538043870565,5.0775380438705655,25.48989183341376,51.45500389173234,inf,inf,False,straight,-1,60.00000000000001,cruise,29.87821404738347,False
5082.251597437897,5.082251597437897,25.489888891715044,51.45505064847537,inf,inf,False,straight,-1,60.00000000000001,cruise,29.745545224676963,False
5087.268371502805,5.087268371502805,25.48988479973224,51.4551003283574,inf,inf,False,straight,-1,60.00000000000001,cruise,29.607584312400142,False
5092.279876463467,5.092279876463468,25.48988026250341,51.45514990863887,inf,inf,False,straight,-1,60.00000000000001,cruise,29.49395639723006,False
5097.398900179456,5.097398900179456,25.489875278923268,51.45520051240567,inf,inf,False,straight,-1,60.00000000000001,cruise,29.39300044604648,False
5102.569982315028,5.102569982315028,25.489870059996544,51.45525160831581,inf,inf,False,straight,-1,60.00000000000001,cruise,29.309892598185137,False
5107.749489759452,5.107749489759453,25.489864818906987,51.45530278578202,inf,inf,False,straight,-1,60.00000000000001,cruise,29.25073403003422,False
5112.952721118151,5.112952721118151,25.489859653936037,51.45535420998051,inf,inf,False,straight,-1,60.00000000000001,cruise,29.205862576219403,False
5117.923014436525,5.117923014436525,25.489855341773136,51.45540340295232,inf,inf,False,straight,-1,60.00000000000001,cruise,29.15322221759593,False
5122.652228464805,5.122652228464806,25.48985187324436,51.45545027209214,inf,inf,False,straight,-1,60.00000000000001,cruise,29.1095823012232,False
5127.5971644185,5.1275971644185,25.48984860590237,51.45549930982043,inf,inf,False,straight,-1,60.00000000000001,cruise,29.08557249815923,False
5132.571558774341,5.132571558774341,25.48984562777144,51.45554866345844,inf,inf,False,straight,-1,60.00000000000001,cruise,29.06250129651314,False
5137.534569442029,5.137534569442029,25.48984292548387,51.45559792295538,inf,inf,False,straight,-1,60.00000000000001,cruise,29.048741102512416,False
5142.606390373435,5.142606390373435,25.489840389739875,51.4556482768426,inf,inf,False,straight,-1,60.00000000000001,cruise,29.0445484627765,False
5147.732510297967,5.147732510297967,25.489838033183503,51.45569918191833,inf,inf,False,straight,-1,60.00000000000001,cruise,29.04705280373651,False
5152.756592639314,5.152756592639314,25.48983594926761,51.45574908576563,inf,inf,False,straight,-1,60.00000000000001,cruise,29.05669452126033,False
5157.75236848456,5.15775236848456,25.48983406277905,51.45579871743279,inf,inf,False,straight,-1,60.00000000000001,cruise,29.0738139113648,False
5162.769841552743,5.162769841552743,25.489832332148712,51.45584857189397,inf,inf,False,straight,-1,60.00000000000001,cruise,29.099942343686003,False
5167.792937973311,5.167792937973311,25.48983077289946,51.45589848916456,inf,inf,False,straight,-1,60.00000000000001,cruise,29.13110630377641,False
5172.795289023356,5.172795289023356,25.48982941977405,51.45594820735831,inf,inf,False,straight,-1,60.00000000000001,cruise,29.16507446876738,False
5177.793647458387,5.177793647458387,25.489828303021483,51.45599789296315,inf,inf,False,straight,-1,60.00000000000001,cruise,29.20082796821203,False
5182.769829511612,5.182769829511613,25.489827486994365,51.45604736511919,inf,inf,False,straight,-1,60.00000000000001,cruise,29.235640431246864,False
5187.712065874535,5.1877120658745355,25.489827058772494,51.45609650564019,inf,inf,False,straight,-1,60.00000000000001,cruise,29.2700187163413,False
5192.660162830959,5.192660162830959,25.48982694363986,51.45614570653604,inf,inf,False,straight,-1,60.00000000000001,cruise,29.302735750030717,False
5197.656754673961,5.197656754673961,25.48982709365693,51.45619538952607,inf,inf,False,straight,-1,60.00000000000001,cruise,29.33522885290041,False
5202.678850140149,5.202678850140149,25.489827470646308,51.45624532465775,inf,inf,False,straight,-1,60.00000000000001,cruise,29.365945481799564,False
5207.702225077119,5.207702225077119,25.489828055051827,51.45629527009001,inf,inf,False,straight,-1,60.00000000000001,cruise,29.394406756824964,False
5212.8553403235455,5.212855340323546,25.489828896948712,51.45634650134149,inf,inf,False,straight,-1,60.00000000000001,cruise,29.41964614203638,False
5217.968740990002,5.217968740990002,25.48982994439478,51.456397332993696,inf,inf,False,straight,-1,60.00000000000001,cruise,29.445522589613475,False
5222.928269822135,5.222928269822135,25.489831174703603,51.456446629099794,inf,inf,False,straight,-1,60.00000000000001,cruise,29.470660686556467,False
5227.837744985688,5.227837744985688,25.48983260584746,51.45649542066486,inf,inf,False,straight,-1,60.00000000000001,cruise,29.494362463525626,False
5232.840337745978,5.232840337745978,25.489834284954725,51.45654512920051,inf,inf,False,straight,-1,60.00000000000001,cruise,29.518566163504342,False
5237.812962655105,5.237812962655106,25.48983612775441,51.45659453246618,inf,inf,False,straight,-1,60.00000000000001,cruise,29.544627975021413,False
5242.735619422069,5.242735619422069,25.48983813198294,51.45664343074903,inf,inf,False,straight,-1,60.00000000000001,cruise,29.570684541255808,False
5247.812679163859,5.247812679163859,25.489840479522957,51.45669384786863,inf,inf,False,straight,-1,60.00000000000001,cruise,29.591905826551194,False
5252.897106261777,5.252897106261776,25.489843013821503,51.45674432738471,inf,inf,False,straight,-1,60.00000000000001,cruise,29.61479546808338,False
5257.882643238149,5.257882643238149,25.48984563125838,51.45679381681099,inf,inf,False,straight,-1,60.00000000000001,cruise,29.628034139132687,False
5262.8350551560325,5.262835055156033,25.489848383997664,51.45684296733032,inf,inf,False,straight,-1,60.00000000000001,cruise,29.631707086458555,False
5267.829130621633,5.267829130621633,25.48985134602454,51.45689251826747,inf,inf,False,straight,-1,60.00000000000001,cruise,29.630328712772982,False
5272.798664843678,5.272798664843678,25.48985444173786,51.45694181468371,inf,inf,False,straight,-1,60.00000000000001,cruise,29.621166649808117,False
5277.8891264150725,5.277889126415072,25.4898578763084,51.4569922897471,inf,inf,False,straight,-1,60.00000000000001,cruise,29.60205327607785,False
5282.959757987477,5.282959757987477,25.48986145968872,51.45704255447343,inf,inf,False,straight,-1,60.00000000000001,cruise,29.577801351569875,False
5287.9693740202865,5.287969374020286,25.48986512473025,51.45709220337282,inf,inf,False,straight,-1,60.00000000000001,cruise,29.541827253792206,False
5293.011166907858,5.293011166907858,25.48986896914208,51.45714215691327,inf,inf,False,straight,-1,60.00000000000001,cruise,29.49721217038216,False
5298.058907187937,5.2980589071879365,25.48987296785008,51.45719215512076,inf,inf,False,straight,-1,60.00000000000001,cruise,29.4427508017486,False
5303.015374068679,5.303015374068679,25.489877042613287,51.45724123458759,inf,inf,False,straight,-1,60.00000000000001,cruise,29.381693531376783,False
5307.976539893477,5.307976539893477,25.48988125383199,51.45729034700752,inf,inf,False,straight,-1,60.00000000000001,cruise,29.313295901103302,False
5312.973383608976,5.312973383608976,25.48988560724355,51.45733980081777,inf,inf,False,straight,-1,60.00000000000001,cruise,29.237076431852657,False
5317.960345790121,5.317960345790121,25.489890018876103,51.45738914963657,inf,inf,False,straight,-1,60.00000000000001,cruise,29.158816859750605,False
5322.9544153031275,5.322954415303127,25.489894496071923,51.45743856231305,inf,inf,False,straight,-1,60.00000000000001,cruise,29.076632353576024,False
5327.9743173049155,5.327974317304916,25.48989904144583,51.45748822560863,inf,inf,False,straight,-1,60.00000000000001,cruise,28.98670913655664,False
5332.970873357538,5.332970873357538,25.48990358267718,51.4575376560451,inf,inf,False,straight,-1,60.00000000000001,cruise,28.88725207929661,False
5337.97402244366,5.33797402244366,25.48990813629102,51.45758715099293,inf,inf,False,straight,-1,60.00000000000001,cruise,28.78075959727455,False
5342.956967055464,5.342956967055464,25.48991266098942,51.45763644723648,inf,inf,False,straight,-1,60.00000000000001,cruise,28.666394023201565,False
5347.926951717025,5.347926951717025,25.489917148228788,51.45768561812034,inf,inf,False,straight,-1,60.00000000000001,cruise,28.54844487867271,False
5352.897226420691,5.3528972264206915,25.48992160258365,51.45773479553039,inf,inf,False,straight,-1,60.00000000000001,cruise,28.430243465191435,False
5357.880039511131,5.357880039511131,25.489926022398155,51.45778410200417,inf,inf,False,straight,-1,60.00000000000001,cruise,28.31031370922013,False
5362.809014976502,5.362809014976502,25.489930324357186,51.45783288330101,inf,inf,False,straight,-1,60.00000000000001,cruise,28.19077366374379,False
5367.7651594828885,5.367765159482889,25.4899345707928,51.45788194188604,inf,inf,False,straight,-1,60.00000000000001,cruise,28.07134700753041,False
5372.754003778092,5.372754003778092,25.48993876598749,51.457931332397706,inf,inf,False,straight,-1,60.00000000000001,cruise,27.95313883333681,False
5377.725464284252,5.377725464284252,25.489942891525644,51.45798055644134,inf,inf,False,straight,-1,60.00000000000001,cruise,27.839003209333946,False
5382.695264031283,5.382695264031283,25.489946959543367,51.4580297697115,inf,inf,False,straight,-1,60.00000000000001,cruise,27.72989322349969,False
5387.659680362779,5.387659680362779,25.48995096359166,51.458078935602565,inf,inf,False,straight,-1,60.00000000000001,cruise,27.626250310564107,False
5392.624572334412,5.3926245723344115,25.48995490131313,51.45812811274104,inf,inf,False,straight,-1,60.00000000000001,cruise,27.528462614432406,False
5397.591623128239,5.397591623128239,25.48995876124977,51.458177318907865,inf,inf,False,straight,-1,60.00000000000001,cruise,27.43690465760484,False
5402.560307856674,5.402560307856674,25.489962522096228,51.45822655068881,inf,inf,False,straight,-1,60.00000000000001,cruise,27.352338188573917,False
5407.531066995954,5.407531066995953,25.489966155349947,51.45827581478925,inf,inf,False,straight,-1,60.00000000000001,cruise,27.27035793469057,False
5412.519135129475,5.412519135129475,25.489969637716037,51.458325264739806,inf,inf,False,straight,-1,60.00000000000001,cruise,27.19640932833865,False
5417.5704379923645,5.417570437992365,25.489972957516148,51.45837535871998,inf,inf,False,straight,-1,60.00000000000001,accel,27.130467061981317,False
5422.673458472743,5.422673458472743,25.48997600351659,51.45842598919491,inf,inf,False,straight,-1,60.00000000000001,accel,27.32779755729873,False
5427.750655393319,5.427750655393319,25.489978595446733,51.45847639315232,inf,inf,False,straight,-1,60.00000000000001,accel,27.542519043824512,False
5432.807589194983,5.432807589194983,25.489980606339174,51.45852662761043,inf,inf,False,straight,-1,60.00000000000001,accel,27.763121542319325,False
5437.727878970985,5.4377278789709855,25.48998170250691,51.45857553726835,inf,inf,False,straight,-1,60.00000000000001,accel,27.9783488416618,False
5442.408584057807,5.442408584057807,25.48998150448469,51.458622079023975,inf,inf,False,straight,-1,60.00000000000001,accel,28.178153752422453,False
5446.986703375491,5.446986703375491,25.48997985932774,51.45866756515078,inf,inf,False,straight,-1,60.00000000000001,accel,28.366083754953,False
5451.504522189302,5.451504522189302,25.48997642070897,51.45871232779646,inf,inf,False,straight,-1,60.00000000000001,accel,28.544749923617605,False
5456.080980352077,5.456080980352077,25.48997065636554,51.45875738831443,95.5,84.4,False,turn,7,60.00000000000001,accel,28.71749582301152,True
5460.675329126019,5.460675329126019,25.48996291468634,51.45880226890819,95.5,84.4,False,turn,7,60.00000000000001,accel,28.899541689731265,False
5465.27848471863,5.46527848471863,25.489953349797613,51.458846810908746,95.5,84.4,False,turn,7,60.00000000000001,accel,29.088160053479,False
5470.108191565637,5.470108191565637,25.4899414644986,51.458893015750334,95.5,84.4,False,turn,7,60.00000000000001,accel,29.294292388240883,False
5474.888771123434,5.4748887711234335,25.489928122044088,51.458938221970165,95.5,84.4,False,turn,7,60.00000000000001,accel,29.51073680828804,False
5479.366986370798,5.479366986370798,25.48991403289409,51.45897995869185,95.5,84.4,False,turn,7,60.00000000000001,accel,29.705596486946188,False
5483.464630911396,5.483464630911396,25.48989931059248,51.45901733688481,95.5,84.4,False,turn,7,60.00000000000001,accel,29.85926097695905,False
5487.56348635574,5.487563486355739,25.48988263497797,51.45905371948674,95.5,84.4,False,turn,7,60.00000000000001,accel,29.997697196361308,False
5491.568214344647,5.491568214344647,25.489864276479214,51.45908802310252,95.5,84.4,False,turn,7,60.00000000000001,accel,30.11564180340889,False
5495.786753065887,5.495786753065887,25.48984311006785,51.459122893034,95.5,84.4,False,turn,7,60.00000000000001,accel,30.24349584215857,False
5500.32676700187,5.50032676700187,25.4898188104985,51.459159244814096,95.5,84.4,False,turn,7,60.00000000000001,accel,30.38924288972399,False
5505.0260934998305,5.50502609349983,25.48979240500661,51.45919581555523,95.5,84.4,False,turn,7,60.00000000000001,accel,30.537709056678857,False
5509.815733179379,5.509815733179379,25.4897642745554,51.45923198189537,95.5,84.4,False,turn,7,60.00000000000001,accel,30.6713781698763,False
5514.471097898825,5.514471097898825,25.489735645662023,51.45926586823465,95.5,84.4,False,turn,7,60.00000000000001,accel,30.7735454335495,False
5519.007435699558,5.519007435699558,25.489706576817333,51.45929763789727,95.5,84.4,False,turn,7,60.00000000000001,accel,30.85542708239339,False
5523.503796771251,5.523503796771251,25.4896767073326,51.45932790919301,95.5,84.4,False,turn,7,60.00000000000001,accel,30.92362252797224,False
5528.106063806615,5.528106063806614,25.489645178487272,51.45935770855496,95.5,84.4,False,turn,7,60.00000000000001,accel,30.98515779888448,False
5532.838119171217,5.532838119171217,25.48961188774677,51.45938719090009,95.5,84.4,False,turn,7,60.00000000000001,accel,31.046629901606263,False
5537.965577909322,5.537965577909322,25.489574788470502,51.459417676486,95.5,84.4,False,turn,7,60.00000000000001,accel,31.09762025081752,False
5543.094731305733,5.543094731305733,25.489537137853123,51.45944735952129,95.5,84.4,False,turn,7,60.00000000000001,accel,31.16605789544802,False
5548.114185816726,5.5481141858167256,25.48949989026631,51.45947577847759,95.5,84.4,False,turn,7,60.00000000000001,accel,31.22640827600585,False
5553.159184752587,5.5531591847525865,25.48946202990724,51.45950365698441,95.5,84.4,False,turn,7,60.00000000000001,accel,31.273156388283017,False
5558.20235887242,5.558202358872419,25.489423767529907,51.45953082788948,95.5,84.4,False,turn,7,60.00000000000001,accel,31.312613655464315,False
5563.028189544683,5.563028189544683,25.489386720485136,51.45955607146296,95.5,84.4,False,turn,7,60.00000000000001,accel,31.33897314469254,False
5567.927882747538,5.567927882747538,25.489348688047112,51.459580940983216,95.5,84.4,False,turn,7,60.00000000000001,accel,31.365804236535404,False
5572.971867394525,5.572971867394525,25.48930915796265,51.45960582882525,95.5,84.4,False,turn,7,60.00000000000001,accel,31.376867361590755,False
5577.997168791651,5.577997168791652,25.48926956665569,51.459630219941886,95.5,84.4,False,turn,7,60.00000000000001,accel,31.384594615769466,False
5582.999499348213,5.5829994993482135,25.489230004623764,51.4596541983448,95.5,84.4,False,turn,7,60.00000000000001,accel,31.380260695045585,False
5587.918058874569,5.587918058874569,25.48919101617093,51.45967759625298,95.5,84.4,False,turn,7,60.00000000000001,accel,31.358389726511717,False
5592.757033765162,5.592757033765162,25.489152584431512,51.45970046503508,95.5,84.4,False,turn,7,60.00000000000001,accel,31.329082603125208,False
5597.627098869349,5.597627098869348,25.489113832564144,51.459723330842586,95.5,84.4,False,turn,7,60.00000000000001,accel,31.282333197447997,False
5602.476237392576,5.602476237392576,25.48907516603497,51.45974593066953,inf,inf,False,straight,-1,60.00000000000001,accel,31.219953257815742,False
5607.324329980354,5.607324329980354,25.489036414612634,51.459768330996994,inf,inf,False,straight,-1,60.00000000000001,accel,31.143327741576464,False
5612.170773169238,5.612170773169238,25.488997563188867,51.45979048449197,inf,inf,False,straight,-1,60.00000000000001,accel,31.05502419185939,False
5616.986117475634,5.616986117475634,25.48895881500848,51.45981218219842,inf,inf,False,straight,-1,60.00000000000001,accel,30.958223769243027,False
5622.04119437404,5.62204119437404,25.488917958447363,51.45983456736902,inf,inf,False,straight,-1,60.00000000000001,accel,30.847145909512488,False
5627.190528528514,5.627190528528514,25.48887603301935,51.45985667688652,inf,inf,False,straight,-1,60.00000000000001,accel,30.717525964854016,False
5632.361673204225,5.632361673204224,25.488833487563664,51.45987783193543,inf,inf,False,straight,-1,60.00000000000001,accel,30.55956690783133,False
5637.571862141465,5.637571862141465,25.48879001994492,51.45989761497136,inf,inf,False,straight,-1,60.00000000000001,accel,30.37328879476198,False
5642.372060261112,5.642372060261112,25.48874895396402,51.45991284397698,inf,inf,False,straight,-1,60.00000000000001,accel,30.166779597096124,False
5646.799754911914,5.646799754911914,25.48871021876433,51.45992369511263,inf,inf,False,straight,-1,60.00000000000001,accel,29.964631925503333,False
5651.561440506804,5.6515614405068035,25.488667993138737,51.4599325446044,inf,inf,False,straight,-1,60.00000000000001,accel,29.79346404240477,False
5656.331389364595,5.6563313893645955,25.48862528116952,51.45993854271224,inf,inf,False,straight,-1,60.00000000000001,accel,29.63134388178556,False
5661.115188320385,5.661115188320385,25.48858219981228,51.45994179949001,inf,inf,False,straight,-1,60.00000000000001,accel,29.472294104959115,False
5665.983191259756,5.665983191259755,25.488538259177577,51.45994227857902,82.4,62.9,False,turn,8,60.00000000000001,accel,29.31367899643604,True
5670.86682529904,5.67086682529904,25.48849423988879,51.459939650701386,82.4,62.9,False,turn,8,60.00000000000001,accel,29.16795340914035,False
5675.67401445756,5.6756740144575595,25.488451226913643,51.45993333163451,82.4,62.9,False,turn,8,60.00000000000001,accel,29.041107032705312,False
5680.535094714264,5.680535094714264,25.48840823731353,51.459923642184826,82.4,62.9,False,turn,8,60.00000000000001,accel,28.92548068830631,False
5685.487595602908,5.6854875956029085,25.488364973327016,51.45991123764252,82.4,62.9,False,turn,8,60.00000000000001,accel,28.82107237662984,False
5690.3777423042875,5.690377742304287,25.48832276978136,51.459896984040434,82.4,62.9,False,turn,8,60.00000000000001,accel,28.726131247856657,False
5695.296331875925,5.695296331875925,25.48828086209556,51.459880830261945,82.4,62.9,False,turn,8,60.00000000000001,accel,28.62556950138294,False
5700.318897019177,5.7003188970191765,25.48823864874563,51.45986261096947,82.4,62.9,False,turn,8,60.00000000000001,accel,28.517275153558444,False
5705.266314559599,5.705266314559599,25.48819768018627,51.45984302769208,82.4,62.9,False,turn,8,60.00000000000001,accel,28.404622402908423,False
5710.183484588041,5.7101834845880415,25.488157496733745,51.45982225964168,82.4,62.9,False,turn,8,60.00000000000001,accel,28.305415322177925,False
5715.24038095963,5.71524038095963,25.4881166711718,51.4597997654793,82.4,62.9,False,turn,8,60.00000000000001,accel,28.212027637093698,False
5720.401887095276,5.720401887095276,25.488075400001765,51.45977594770066,82.4,62.9,False,turn,8,60.00000000000001,accel,28.125555575188137,False
5725.524051858148,5.725524051858148,25.48803473800606,51.45975170213088,82.4,62.9,False,turn,8,60.00000000000001,accel,28.04463886691435,False
5730.552130970471,5.730552130970471,25.48799506258471,51.45972742050425,82.4,62.9,False,turn,8,60.00000000000001,accel,27.964591690926973,False
5735.591914248986,5.735591914248985,25.487955495553,51.45970268854335,82.4,62.9,False,turn,8,60.00000000000001,accel,27.88319032259793,False
5740.6301574454,5.7406301574454,25.48791611550607,51.4596776276737,82.4,62.9,False,turn,8,60.00000000000001,accel,27.802717101901933,False
5745.56030146532,5.74556030146532,25.487877752107803,51.4596527799622,82.4,62.9,False,turn,8,60.00000000000001,accel,27.72535903708772,False
5750.470007009127,5.750470007009127,25.48783971378336,51.45962772681066,82.4,62.9,False,turn,8,60.00000000000001,accel,27.65271286127744,False
5755.52105127139,5.755521051271391,25.48780074800543,51.45960164618959,82.4,62.9,False,turn,8,60.00000000000001,accel,27.58353342226433,False
5760.555501222906,5.760555501222906,25.48776204254528,51.45957541290678,82.4,62.9,False,turn,8,60.00000000000001,accel,27.522750819809225,False
5765.518191645537,5.765518191645537,25.48772401015208,51.4595493375064,82.4,62.9,False,turn,8,60.00000000000001,accel,27.47035342912962,False
5770.467479817164,5.770467479817164,25.487686200925825,51.45952312054497,82.4,62.9,False,turn,8,60.00000000000001,accel,27.42643528619847,False
5775.500611183393,5.775500611183393,25.487647878851355,51.45949623736405,inf,inf,False,straight,-1,60.00000000000001,accel,27.390360968915903,False
5780.522893201849,5.780522893201849,25.48760977078286,51.45946918619431,inf,inf,False,straight,-1,60.00000000000001,accel,27.36253884244419,False
5785.417221874381,5.785417221874381,25.487572785580724,51.45944256621506,inf,inf,False,straight,-1,60.00000000000001,accel,27.342716189176045,False
5790.389599132428,5.790389599132428,25.48753537832277,51.459415241041135,inf,inf,False,straight,-1,60.00000000000001,accel,27.32662820272521,False
5795.433514682603,5.795433514682603,25.4874975998114,51.45938724742816,inf,inf,False,straight,-1,60.00000000000001,accel,27.320061092667,False
5800.450467604339,5.800450467604339,25.48746018744693,51.45935913644673,inf,inf,False,straight,-1,60.00000000000001,accel,27.324251832055285,False
5805.497102744965,5.805497102744964,25.48742275354809,51.459330539147146,inf,inf,False,straight,-1,60.00000000000001,accel,27.33605031739186,False
5810.63932622732,5.810639326227321,25.48738486194885,51.45930100497949,inf,inf,False,straight,-1,60.00000000000001,accel,27.36085833745739,False
5815.785981601214,5.8157859816012145,25.487347241728934,51.45927097764761,inf,inf,False,straight,-1,60.00000000000001,accel,27.392078774481128,False
5820.885292632869,5.820885292632869,25.48731035878528,51.45924064071211,inf,inf,False,straight,-1,60.00000000000001,accel,27.427132523272476,False
5826.012741903248,5.826012741903248,25.48727375685412,51.459209434335634,inf,inf,False,straight,-1,60.00000000000001,accel,27.4646271773861,False
5831.089807615374,5.831089807615374,25.48723820456412,51.45917757682398,inf,inf,False,straight,-1,60.00000000000001,accel,27.496140634935504,False
5836.083063832364,5.836083063832364,25.48720420458457,51.459144981430704,inf,inf,False,straight,-1,60.00000000000001,accel,27.51596629834517,False
5841.082466323051,5.841082466323051,25.4871714883902,51.45911074026083,inf,inf,False,straight,-1,60.00000000000001,accel,27.51991467692882,False
5846.095033464944,5.846095033464945,25.487140568588394,51.45907435073046,inf,inf,False,straight,-1,60.00000000000001,accel,27.50232480737299,False
5851.047040453705,5.851047040453706,25.48711181925233,51.45903664557808,inf,inf,False,straight,-1,60.00000000000001,accel,27.48686580527641,False
5856.033136204835,5.856033136204835,25.48708468900241,51.45899708608123,inf,inf,False,straight,-1,60.00000000000001,accel,27.468545558550836,False
5861.1333784787175,5.861133378478717,25.48705887449892,51.45895509425267,inf,inf,False,straight,-1,60.00000000000001,accel,27.44312635157916,False
5866.237896914403,5.866237896914403,25.48703527731956,51.45891149873907,inf,inf,False,straight,-1,60.00000000000001,accel,27.39759945374061,False
5871.345741581323,5.871345741581322,25.487014356587288,51.458866238358056,75.9,53.2,False,turn,9,60.00000000000001,accel,27.328273503332667,True
5876.455079648403,5.8764550796484025,25.486996446379948,51.458819421081714,75.9,53.2,False,turn,9,60.00000000000001,accel,27.24068867717547,False
5881.563387660029,5.881563387660028,25.48698168940291,51.45877129827837,75.9,53.2,False,turn,9,60.00000000000001,accel,27.14186621137235,False
5886.668052818319,5.886668052818319,25.486969574614317,51.45872232607739,75.9,53.2,False,turn,9,60.00000000000001,accel,27.052274190181784,False
5891.873908331546,5.8918739083315455,25.48695950724917,51.4586717638446,75.9,53.2,False,turn,9,60.00000000000001,accel,26.96605302880449,False
5897.0036522600285,5.897003652260029,25.48695161225083,51.458621503439325,75.9,53.2,False,turn,9,60.00000000000001,accel,26.88060009316929,False
5902.06882302224,5.9020688230222405,25.486945944353288,51.45857152673765,75.9,53.2,False,turn,9,60.00000000000001,accel,26.7848505438019,False
5907.197184685589,5.907197184685589,25.486942649291663,51.45852066256855,75.9,53.2,False,turn,9,60.00000000000001,accel,26.67346869534969,False
5912.258095773321,5.91225809577332,25.4869421780312,51.4584703424273,75.9,53.2,False,turn,9,60.00000000000001,accel,26.547298442119,False
5917.256265182471,5.917256265182471,25.48694383286573,51.45842067691686,75.9,53.2,False,turn,9,60.00000000000001,accel,26.436171865752197,False
5922.400948808455,5.922400948808455,25.486947257410115,51.458369660386005,75.9,53.2,False,turn,9,60.00000000000001,accel,26.333171904808484,False
5927.523704297075,5.927523704297075,25.48695183249684,51.45831897253791,75.9,53.2,False,turn,9,60.00000000000001,accel,26.24596104698177,False
5932.578670243107,5.932578670243107,25.486957210338744,51.4582690591394,75.9,53.2,False,turn,9,60.00000000000001,accel,26.167319252358165,False
5937.7208237730565,5.9377208237730565,25.48696345357032,51.45821839309735,75.9,53.2,False,turn,9,60.00000000000001,accel,26.09091361406024,False
5942.853549085037,5.942853549085037,25.48697021276194,51.45816790221254,75.9,53.2,False,turn,9,60.00000000000001,accel,26.02192656704002,False
5947.967999085774,5.947967999085774,25.48697734983473,51.45811765838667,75.9,53.2,False,turn,9,60.00000000000001,accel,25.956845390199877,False
5953.094604891362,5.953094604891362,25.48698483350716,51.45806735330213,75.9,53.2,False,turn,9,60.00000000000001,accel,25.89472346514465,False
5958.225344970398,5.958225344970398,25.486992602815302,51.45801705908893,75.9,53.2,False,turn,9,60.00000000000001,accel,25.83506865769884,False
5963.31853416701,5.963318534167009,25.48700057248792,51.45796718201201,75.9,53.2,False,turn,9,60.00000000000001,accel,25.77662090394086,False
5968.366659650591,5.968366659650591,25.487008713043547,51.457917793780105,75.9,53.2,False,turn,9,60.00000000000001,accel,25.72093880709953,False
5973.353265721741,5.973353265721741,25.487017007191525,51.45786905880342,75.9,53.2,False,turn,9,60.00000000000001,accel,25.66784046635993,False
5978.185557156031,5.9781855571560305,25.487025349098413,51.45782189607068,75.9,53.2,False,turn,9,60.00000000000001,accel,25.618420408554933,False
5983.087399022333,5.983087399022333,25.487034184512293,51.45777413651821,inf,inf,False,straight,-1,60.00000000000001,accel,25.57044418893645,False
5988.121693494631,5.98812169349463,25.48704360760212,51.45772516635314,inf,inf,False,straight,-1,60.00000000000001,accel,25.52398075555894,False
5993.152340442647,5.993152340442647,25.487053127567457,51.45767625602124,inf,inf,False,straight,-1,60.00000000000001,accel,25.49705059792525,False
5998.178175254382,5.998178175254382,25.487062676710423,51.45762740153599,inf,inf,False,straight,-1,60.00000000000001,accel,25.48111406411585,False
6003.120903145057,6.003120903145057,25.487071938878422,51.45757932451404,inf,inf,False,straight,-1,60.00000000000001,accel,25.47322009303233,False
6007.9688983800415,6.0079688983800414,25.48708086567208,51.45753213237378,inf,inf,False,straight,-1,60.00000000000001,accel,25.48076558040849,False
6012.900897507255,6.012900897507254,25.48708985870746,51.457484102313884,inf,inf,False,straight,-1,60.00000000000001,accel,25.494882654807405,False
6017.83569833255,6.01783569833255,25.487098778929447,51.45743602734643,inf,inf,False,straight,-1,60.00000000000001,accel,25.520038452174543,False
6022.774555774687,6.022774555774687,25.487107645453477,51.45738789916766,inf,inf,False,straight,-1,60.00000000000001,accel,25.554576576526355,False
6027.718627052605,6.0277186270526055,25.487116472281507,51.45733970924668,inf,inf,False,straight,-1,60.00000000000001,accel,25.59671322900421,False
6032.674424639934,6.032674424639934,25.487125279400026,51.457291396017375,inf,inf,False,straight,-1,60.00000000000001,accel,25.647490464061185,False
6037.642661392413,6.037642661392413,25.487134073041343,51.457242953666565,inf,inf,False,straight,-1,60.00000000000001,accel,25.706530822940856,False
6042.618656398874,6.042618656398874,25.48714284694718,51.45719442831251,inf,inf,False,straight,-1,60.00000000000001,accel,25.772986177989257,False
6047.603101512159,6.047603101512159,25.48715160168724,51.45714581309529,inf,inf,False,straight,-1,60.00000000000001,accel,25.847712103637043,False
6052.596606840812,6.052596606840812,25.487160334847065,51.45709710133576,inf,inf,False,straight,-1,60.00000000000001,accel,25.931537263908503,False
6057.593733003216,6.057593733003216,25.487169029811625,51.45704834459404,inf,inf,False,straight,-1,60.00000000000001,accel,26.01847143610708,False
6062.593300859449,6.062593300859449,25.48717767428546,51.45699955222263,inf,inf,False,straight,-1,60.00000000000001,accel,26.11518264891508,False
6067.600994653633,6.067600994653633,25.487186264177552,51.45695066585423,inf,inf,False,straight,-1,60.00000000000001,accel,26.229272362392763,False
6072.616699857647,6.072616699857647,25.487194778685005,51.45690168237613,inf,inf,False,straight,-1,60.00000000000001,accel,26.354292352289143,False
6077.640343206745,6.0776403432067445,25.48720318945042,51.45685259682698,inf,inf,False,straight,-1,60.00000000000001,accel,26.494869928013017,False
6082.551062239942,6.082551062239943,25.487211229574747,51.45680457732957,inf,inf,False,straight,-1,60.00000000000001,accel,26.63932946005089,False
6087.485301390011,6.087485301390011,25.48721910745362,51.45675628757836,inf,inf,False,straight,-1,60.00000000000001,accel,26.781372860703407,False
6092.536871007955,6.092536871007955,25.48722694755389,51.456706805634994,inf,inf,False,straight,-1,60.00000000000001,accel,26.933945931584905,False
6097.5819602151305,6.09758196021513,25.487234616764205,51.45665735657608,inf,inf,False,straight,-1,60.00000000000001,cruise,26.93838486753807,False
6102.626134811906,6.102626134811906,25.48724211812796,51.45660788550632,inf,inf,False,straight,-1,60.00000000000001,accel,26.849545314693824,False
6107.758849777804,6.107758849777804,25.48724953417352,51.45655750673065,inf,inf,False,straight,-1,60.00000000000001,cruise,26.93838486753807,False
6112.8713802772,6.1128713802772,25.487256710839446,51.45650728906984,inf,inf,False,straight,-1,60.00000000000001,accel,26.86000849530577,False
6117.9083759962095,6.117908375996209,25.487263557034208,51.45645777506008,inf,inf,False,straight,-1,60.00000000000001,cruise,26.93838486753807,False
6122.898081494407,6.122898081494407,25.48727011079388,51.456408688295966,inf,inf,False,straight,-1,60.00000000000001,accel,26.861619381526456,False
6127.860073033413,6.127860073033413,25.48727637455641,51.45635983390329,inf,inf,False,straight,-1,60.00000000000001,cruise,26.93838486753807,False
6132.768058465711,6.132768058465711,25.48728225690776,51.45631146376419,inf,inf,False,straight,-1,60.00000000000001,accel,26.855147454324808,False
6137.544808663843,6.137544808663843,25.4872875531678,51.456264326134566,inf,inf,False,straight,-1,60.00000000000001,cruise,26.93838486753807,False
6142.265003975821,6.142265003975821,25.48729231228617,51.45621768488779,inf,inf,False,straight,-1,60.00000000000001,accel,26.84694716070264,False
6146.957874487839,6.146957874487839,25.48729648652829,51.45617124874992,inf,inf,False,straight,-1,60.00000000000001,cruise,26.93838486753807,False
6151.548991326903,6.151548991326903,25.48729985126941,51.45612574800527,inf,inf,False,straight,-1,60.00000000000001,accel,26.83207409488193,False
6155.991584873572,6.155991584873572,25.487302181592685,51.45608164802822,inf,inf,False,straight,-1,60.00000000000001,cruise,26.93838486753807,False
6160.3135433353755,6.160313543335375,25.487303305026497,51.45603869075487,inf,inf,False,straight,-1,60.00000000000001,accel,26.811298341811025,False
6164.5060582708165,6.164506058270817,25.48730295953712,51.4559970045102,inf,inf,False,straight,-1,60.00000000000001,cruise,26.88800491867,False
6168.530513567893,6.168530513567893,25.487300794334267,51.455957058756944,inf,inf,False,straight,-1,60.00000000000001,cruise,26.73108072592917,False
6172.53260315143,6.17253260315143,25.487296755474443,51.45591751373136,inf,inf,False,straight,-1,60.00000000000001,cruise,26.567646781408644,False
6176.653778504198,6.176653778504198,25.487290558326208,51.45587710769504,inf,inf,False,straight,-1,60.00000000000001,cruise,26.39346527135937,False
6181.038241619978,6.181038241619978,25.48728168736596,51.455834620310185,inf,inf,False,straight,-1,60.00000000000001,cruise,26.20416078189875,False
6185.463966448473,6.185463966448473,25.48727022857114,51.45579246246624,inf,inf,False,straight,-1,60.00000000000001,cruise,26.00265727089263,False
6189.8514155006105,6.189851415500611,25.487255675963496,51.45575188803154,79.1,57.9,False,turn,10,60.00000000000001,cruise,25.774350009511775,True
6194.418632564895,6.194418632564895,25.48723648190836,51.45571169613975,79.1,57.9,False,turn,10,60.00000000000001,cruise,25.50905299206078,False
6199.014353266663,6.199014353266663,25.48721239159464,51.45567449322922,79.1,57.9,False,turn,10,60.00000000000001,cruise,25.207958284771625,False
6203.537426874208,6.203537426874208,25.48718523714875,51.45564090704461,79.1,57.9,False,turn,10,60.00000000000001,cruise,24.950176268369194,False
6208.167885454585,6.208167885454586,25.48715497946119,51.4556091417072,79.1,57.9,False,turn,10,60.00000000000001,cruise,24.72327776074272,False
6212.886861332723,6.2128868613327235,25.48712243682673,51.45557886388776,79.1,57.9,False,turn,10,60.00000000000001,cruise,24.52264784919173,False
6217.489011968393,6.217489011968393,25.48708941915972,51.455551091747466,79.1,57.9,False,turn,10,60.00000000000001,cruise,24.3408649287223,False
6222.215529095873,6.222215529095872,25.487054556239222,51.45552399903073,79.1,57.9,False,turn,10,60.00000000000001,cruise,24.170858794481475,False
6227.00481789717,6.22700481789717,25.487018561982275,51.45549762092082,79.1,57.9,False,turn,10,60.00000000000001,cruise,24.01331037106006,False
6231.788194319689,6.231788194319689,25.48698212999681,51.455472091706206,79.1,57.9,False,turn,10,60.00000000000001,cruise,23.866237852527192,False
6236.655738127077,6.236655738127077,25.48694468065289,51.455446776671984,79.1,57.9,False,turn,10,60.00000000000001,cruise,23.72479500940354,False
6241.561878081436,6.241561878081436,25.4869066656028,51.45542174973117,79.1,57.9,False,turn,10,60.00000000000001,cruise,23.589631203725197,False
6246.462772280807,6.2464627722808075,25.48686849858804,51.45539710802003,79.1,57.9,False,turn,10,60.00000000000001,cruise,23.4593333670307,False
6251.34863883979,6.251348638839789,25.486830303813708,51.455372816034505,79.1,57.9,False,turn,10,60.00000000000001,cruise,23.333297325202537,False
6256.246017527551,6.256246017527551,25.486791901797517,51.45534869188204,79.1,57.9,False,turn,10,60.00000000000001,cruise,23.21012270104832,False
6261.169073299069,6.261169073299069,25.48675320134816,51.45532462974724,79.1,57.9,False,turn,10,60.00000000000001,cruise,23.089179800798213,False
6266.150058608567,6.2661500586085666,25.48671395852485,51.45530045501793,79.1,57.9,False,turn,10,60.00000000000001,cruise,22.970708976942426,False
6271.114279900113,6.271114279900113,25.486674781585968,51.45527649249306,79.1,57.9,False,turn,10,60.00000000000001,cruise,22.8579380967484,False
6276.045136327255,6.276045136327255,25.48663581316007,51.45525280005595,79.1,57.9,False,turn,10,60.00000000000001,cruise,22.7514228963693,False
6281.003799268185,6.281003799268184,25.48659658085147,51.45522906229231,79.1,57.9,False,turn,10,60.00000000000001,cruise,22.650241530914627,False
6285.947272349009,6.285947272349009,25.486557427749155,51.45520547960038,79.1,57.9,False,turn,10,60.00000000000001,accel,22.55531590513364,False
6290.846364031594,6.290846364031594,25.486518585506936,51.45518219070128,79.1,57.9,False,turn,10,60.00000000000001,accel,22.822785588445136,False
6295.754366099935,6.295754366099936,25.48647963289493,51.455158940016176,79.1,57.9,False,turn,10,60.00000000000001,accel,23.09093497771128,False
6300.731576969208,6.300731576969207,25.48644009023006,51.4551354445429,79.1,57.9,False,turn,10,60.00000000000001,accel,23.362379388328826,False
6305.741118970936,6.3057411189709365,25.486400261441112,51.455111856300114,79.1,57.9,False,turn,10,60.00000000000001,accel,23.63212990216627,False
6310.7384530282325,6.310738453028232,25.486360510584237,51.45508836477254,inf,inf,False,straight,-1,60.00000000000001,accel,23.90314728874565,False
6315.721621120092,6.315721621120092,25.486320855761587,51.45506497404997,inf,inf,False,straight,-1,60.00000000000001,accel,24.17431420837524,False
6320.741551022758,6.320741551022758,25.486280888090285,51.45504145259078,inf,inf,False,straight,-1,60.00000000000001,accel,24.448849784245628,False
6325.757807287569,6.3257578072875695,25.48624093706225,51.45501797435317,inf,inf,False,straight,-1,60.00000000000001,accel,24.732906239261183,False
6330.754421544283,6.330754421544283,25.48620113275728,51.454994608112266,inf,inf,False,straight,-1,60.00000000000001,accel,25.02054879925567,False
6335.765767512651,6.335765767512651,25.48616119977005,51.45497119640496,inf,inf,False,straight,-1,60.00000000000001,accel,25.313649718495117,False
6340.784945806615,6.340784945806615,25.48612119583907,51.45494776577336,inf,inf,False,straight,-1,60.00000000000001,accel,25.61269320137059,False
6345.805334775493,6.345805334775493,25.486081175903863,51.45492434265993,inf,inf,False,straight,-1,60.00000000000001,accel,25.916462495385943,False
6350.820017246475,6.350820017246475,25.486041196724653,51.454900955986105,inf,inf,False,straight,-1,60.00000000000001,accel,26.225094725965636,False
6355.826852301247,6.355826852301247,25.48600127609189,51.45487761424296,inf,inf,False,straight,-1,60.00000000000001,accel,26.53695265148933,False
6360.836154782019,6.360836154782018,25.48596133136104,51.45485427018135,inf,inf,False,straight,-1,60.00000000000001,accel,26.85039446485633,False
6365.852606524046,6.3658526065240455,25.485921325028126,51.45483090234205,inf,inf,False,straight,-1,60.00000000000001,accel,27.163035909090425,False
6370.870567855532,6.3708705678555315,25.48588130234013,51.4548075364389,inf,inf,False,straight,-1,60.00000000000001,accel,27.471444699195537,False
6375.875337675646,6.375875337675645,25.48584138080645,51.45478424040088,inf,inf,False,straight,-1,60.00000000000001,accel,27.77199320945072,False
6380.866646738282,6.380866646738282,25.48580156250269,51.45476101563515,inf,inf,False,straight,-1,60.00000000000001,accel,28.061744138399984,False
6385.868911018203,6.385868911018203,25.485761651813792,51.45473775027728,inf,inf,False,straight,-1,60.00000000000001,accel,28.339689443934844,False
6390.870295893503,6.390870295893503,25.48572174548433,51.45471449454072,inf,inf,False,straight,-1,60.00000000000001,accel,28.60294430496049,False
6395.88115767603,6.39588115767603,25.485681760389514,51.45469120129486,inf,inf,False,straight,-1,60.00000000000001,accel,28.848618158203404,False
6400.897026847444,6.400897026847444,25.48564173314678,51.45466788933512,inf,inf,False,straight,-1,60.00000000000001,accel,29.07494984733009,False
6405.902329653238,6.405902329653237,25.485601791644317,51.45464462352712,inf,inf,False,straight,-1,60.00000000000001,cruise,29.27959802314771,False
6410.9069613906695,6.410906961390669,25.485561856862912,51.45462135799303,inf,inf,False,straight,-1,60.00000000000001,cruise,29.247608921395205,False
6415.908833614569,6.415908833614568,25.48552194653727,51.454598100214405,inf,inf,False,straight,-1,60.00000000000001,cruise,29.19592110765493,False
6420.913306785052,6.420913306785051,25.48548201859659,51.45457482380895,inf,inf,False,straight,-1,60.00000000000001,cruise,29.12380526121365,False
6425.92610200826,6.42592610200826,25.48544202829717,51.45455150029306,inf,inf,False,straight,-1,60.00000000000001,cruise,29.03279428312408,False
6430.930412008406,6.430930412008406,25.485402111631945,51.4545282038991,inf,inf,False,straight,-1,60.00000000000001,cruise,28.925572844650286,False
6435.925445691897,6.435925445691897,25.48536227547188,51.45450493715302,inf,inf,False,straight,-1,60.00000000000001,cruise,28.803401225336486,False
6440.933204937302,6.440933204937302,25.48532234382816,51.45448159866119,inf,inf,False,straight,-1,60.00000000000001,cruise,28.668058781521943,False
6445.938878627013,6.445938878627013,25.485282435427123,51.45445825616602,inf,inf,False,straight,-1,60.00000000000001,cruise,28.52102325906297,False
6450.937141033183,6.450937141033183,25.48524259354965,51.45443493281143,inf,inf,False,straight,-1,60.00000000000001,cruise,28.36356233698849,False
6455.9498475013,6.4559498475013,25.485202644145115,51.45441152629256,inf,inf,False,straight,-1,60.00000000000001,cruise,28.196724700376937,False
6460.968370822806,6.460968370822806,25.485162657305477,51.45438807414229,inf,inf,False,straight,-1,60.00000000000001,cruise,28.02312191640685,False
6465.968704057933,6.465968704057933,25.48512282726956,51.454364682459904,inf,inf,False,straight,-1,60.00000000000001,cruise,27.84646052730769,False
6470.984764141287,6.470984764141287,25.48508288043484,51.45434119970931,inf,inf,False,straight,-1,60.00000000000001,cruise,27.666204821929703,False
6475.986537695299,6.4759865376953,25.48504306032026,51.45431775714046,inf,inf,False,straight,-1,60.00000000000001,cruise,27.48950286822565,False
6480.965571765959,6.480965571765958,25.485003434540648,51.45429439375347,inf,inf,False,straight,-1,60.00000000000001,cruise,27.316751661602503,False
6485.971025042442,6.485971025042442,25.484963607897,51.454270887075936,inf,inf,False,straight,-1,60.00000000000001,cruise,27.142508640165435,False
6490.982825574533,6.490982825574533,25.48492374011238,51.4542473313542,inf,inf,False,straight,-1,60.00000000000001,cruise,26.98008731923559,False
6495.975860924944,6.495975860924943,25.484884032220783,51.45422384203297,inf,inf,False,straight,-1,60.00000000000001,cruise,26.821564786840696,False
6500.968321638547,6.500968321638547,25.48484433778105,51.45420033720558,inf,inf,False,straight,-1,60.00000000000001,cruise,26.670890362105947,False
6505.968005095241,6.505968005095241,25.48480459453544,51.45417678071541,inf,inf,False,straight,-1,60.00000000000001,cruise,26.526743022701144,False
6510.968885129929,6.5109688851299286,25.484764851214617,51.4541531992795,inf,inf,False,straight,-1,60.00000000000001,cruise,26.388304799184805,False
6515.964369999112,6.515964369999112,25.48472516189718,51.4541296205446,inf,inf,False,straight,-1,60.00000000000001,cruise,26.26079308567237,False
6520.968680660243,6.520968680660243,25.484685415613328,51.45410597330345,inf,inf,False,straight,-1,60.00000000000001,cruise,26.145768694181378,False
6525.996752125412,6.525996752125412,25.484645496842703,51.45408218071034,inf,inf,False,straight,-1,60.00000000000001,cruise,26.05248975620076,False
6531.009073994337,6.531009073994337,25.484605725130965,51.45405841787005,inf,inf,False,straight,-1,60.00000000000001,cruise,25.97423255780813,False
6536.024028296298,6.536024028296298,25.48456595741201,51.45403459209062,inf,inf,False,straight,-1,60.00000000000001,cruise,25.909530566254418,False
6541.02151313823,6.54102151313823,25.48452636201486,51.45401078099724,inf,inf,False,straight,-1,60.00000000000001,cruise,25.86116528135153,False
6546.012721208428,6.546012721208428,25.484486857692435,51.45398691657933,inf,inf,False,straight,-1,60.00000000000001,cruise,25.82204029971388,False
6551.015416714089,6.551015416714089,25.48444731375532,51.45396289447141,inf,inf,False,straight,-1,60.00000000000001,cruise,25.78777756511372,False
6556.007813435439,6.556007813435439,25.484407921986737,51.45393878101679,inf,inf,False,straight,-1,60.00000000000001,cruise,25.758430688798278,False
6560.980098369235,6.560980098369235,25.484368784839724,51.45391457552409,inf,inf,False,straight,-1,60.00000000000001,cruise,25.73027190199268,False
6566.02675794035,6.5660267579403495,25.484329179279275,51.4538897798382,inf,inf,False,straight,-1,60.00000000000001,cruise,25.703968152951607,False
6571.127370151727,6.571127370151727,25.484289310394345,51.45386441130685,inf,inf,False,straight,-1,60.00000000000001,cruise,25.68149157731999,False
6576.189585668322,6.576189585668322,25.484249975893093,51.45383879222646,inf,inf,False,straight,-1,60.00000000000001,cruise,25.657359058160992,False
6581.267936767143,6.5812679367671425,25.48421081615768,51.453812540361,inf,inf,False,straight,-1,60.00000000000001,cruise,25.631218753999853,False
6586.370720012774,6.5863707200127735,25.484171881663688,51.453785427669686,inf,inf,False,straight,-1,60.00000000000001,cruise,25.60016124210696,False
6591.456881724708,6.591456881724708,25.48413367051147,51.45375739084245,inf,inf,False,straight,-1,60.00000000000001,cruise,25.56009313967158,False
6596.515277974243,6.596515277974243,25.48409654418311,51.45372810975461,inf,inf,False,straight,-1,60.00000000000001,cruise,25.508406912188192,False
6601.595373112167,6.6015953731121675,25.484060556737404,51.4536968020951,inf,inf,False,straight,-1,60.00000000000001,cruise,25.441011274553748,False
6606.744953064979,6.606744953064979,25.484026029706445,51.45366251794015,inf,inf,False,straight,-1,60.00000000000001,cruise,25.35154044481049,False
6611.925979258761,6.611925979258761,25.48399429884579,51.45362467187473,inf,inf,False,straight,-1,60.00000000000001,cruise,25.22945937509496,False
6617.124797090691,6.617124797090691,25.48396687666757,51.45358272141035,inf,inf,False,straight,-1,60.00000000000001,cruise,25.06274954658461,False
6622.366183714957,6.6223661837149566,25.48394354413089,51.45353738220468,inf,inf,False,straight,-1,60.00000000000001,cruise,24.900378568585737,False
6627.622414937225,6.627622414937225,25.48392456403409,51.45348948113904,inf,inf,False,straight,-1,60.00000000000001,cruise,24.730425956059204,False
6632.861381449583,6.632861381449583,25.483909330793747,51.45344016436912,78.0,56.3,False,turn,11,60.00000000000001,cruise,24.58044549301329,True
6638.129904944803,6.638129904944803,25.483897316929728,51.45338947623436,78.0,56.3,False,turn,11,60.00000000000001,cruise,24.43302286286024,False
6643.36802865246,6.643368028652461,25.48388863294979,51.45333827725344,78.0,56.3,False,turn,11,60.00000000000001,cruise,24.274310146019268,False
6648.557633371702,6.648557633371702,25.48388368141676,51.453286963843695,78.0,56.3,False,turn,11,60.00000000000001,accel,24.08908793237894,False
6653.798562177198,6.653798562177197,25.48388314213775,51.45323485441702,78.0,56.3,False,turn,11,60.00000000000001,accel,24.19635385092461,False
6659.051254081961,6.659051254081961,25.48388822904397,51.45318292608761,78.0,56.3,False,turn,11,60.00000000000001,accel,24.294425767220197,False
6664.229901310429,6.66422990131043,25.48389787372776,51.45313254043959,78.0,56.3,False,turn,11,60.00000000000001,accel,24.365685838713546,False
6669.434604820322,6.669434604820323,25.483911762370912,51.45308310080825,78.0,56.3,False,turn,11,60.00000000000001,accel,24.40043037463734,False
6674.6737485834,6.6746737485834,25.48392983092801,51.45303495770767,78.0,56.3,False,turn,11,60.00000000000001,accel,24.438893823433745,False
6679.8711210197525,6.679871121019753,25.483951592603404,51.45298917377064,78.0,56.3,False,turn,11,60.00000000000001,accel,24.46748691272437,False
6685.011897438068,6.685011897438068,25.483977083922976,51.45294645988703,78.0,56.3,False,turn,11,60.00000000000001,accel,24.47479387345384,False
6690.185735955156,6.690185735955156,25.48400611253716,51.45290615866881,78.0,56.3,False,turn,11,60.00000000000001,accel,24.48023526832098,False
6695.266718097453,6.695266718097453,25.48403731831146,51.452869132777806,78.0,56.3,False,turn,11,60.00000000000001,accel,24.475183930868567,False
6700.272659619144,6.700272659619144,25.484070533603465,51.45283538372675,78.0,56.3,False,turn,11,60.00000000000001,accel,24.485952116295493,False
6705.281482681995,6.705281482681995,25.48410544132653,51.45280373003563,78.0,56.3,False,turn,11,60.00000000000001,accel,24.518265344381632,False
6710.250667113731,6.710250667113731,25.48414121259829,51.4527739174174,78.0,56.3,False,turn,11,60.00000000000001,accel,24.56992609583006,False
6715.219789880552,6.7152197898805515,25.4841778057345,51.45274534178062,78.0,56.3,False,turn,11,60.00000000000001,accel,24.638019380461675,False
6720.302545314634,6.720302545314634,25.484215857442663,51.45271710362727,78.0,56.3,False,turn,11,60.00000000000001,accel,24.720467622362303,False
6725.395919841729,6.725395919841729,25.48425439958239,51.452689490263865,78.0,56.3,False,turn,11,60.00000000000001,accel,24.825088290294698,False
6730.474473572193,6.730474473572193,25.484293107967893,51.45266243459324,78.0,56.3,False,turn,11,60.00000000000001,accel,24.942626644809515,False
6735.561902244861,6.735561902244861,25.48433210143202,51.45263571284372,78.0,56.3,False,turn,11,60.00000000000001,accel,25.069421420658777,False
6740.610984853583,6.740610984853584,25.48437094575057,51.452609450565056,78.0,56.3,False,turn,11,60.00000000000001,accel,25.20496428064515,False
6745.631157579435,6.745631157579435,25.484409675196527,51.45258353265233,78.0,56.3,False,turn,11,60.00000000000001,accel,25.34544461961366,False
6750.652135646202,6.7506521356462015,25.484448497222584,51.4525577678322,78.0,56.3,False,turn,11,60.00000000000001,accel,25.48876826580772,False
6755.663634968278,6.755663634968277,25.48448731077956,51.4525321705371,78.0,56.3,False,turn,11,60.00000000000001,accel,25.63255308414235,False
6760.6700674223675,6.760670067422367,25.48452613670083,51.45250669431231,78.0,56.3,False,turn,11,60.00000000000001,accel,25.775049646972885,False
6765.662747876059,6.76566274787606,25.48456489711868,51.45248136430997,78.0,56.3,False,turn,11,60.00000000000001,accel,25.9152525937186,False
6770.683227350741,6.770683227350741,25.484603916355358,51.452455973285815,78.0,56.3,False,turn,11,60.00000000000001,accel,26.051701336455466,False
6775.708551300952,6.775708551300952,25.484643005625436,51.45243061823901,78.0,56.3,False,turn,11,60.00000000000001,accel,26.18320981494747,False
6780.710142116296,6.780710142116296,25.48468193465947,51.45240542858208,78.0,56.3,False,turn,11,60.00000000000001,accel,26.306990747774478,False
6785.711878275297,6.785711878275297,25.484720887124723,51.45238028005707,78.0,56.3,False,turn,11,60.00000000000001,accel,26.42154010267892,False
6790.71701255315,6.79071701255315,25.48475988618483,51.45235515231914,78.0,56.3,False,turn,11,60.00000000000001,accel,26.524548197231585,False
6795.717714976025,6.795717714976025,25.484798868330124,51.4523300800376,78.0,56.3,False,turn,11,60.00000000000001,accel,26.608328526066654,False
6800.712298319034,6.800712298319034,25.484837820841985,51.45230507255095,78.0,56.3,False,turn,11,60.00000000000001,accel,26.68477270449668,False
6805.713784863522,6.805713784863522,25.484876847396183,51.4522800687265,inf,inf,False,straight,-1,60.00000000000001,accel,26.74499995001485,False
6810.705859055001,6.810705859055002,25.484915819896493,51.452255148716766,inf,inf,False,straight,-1,60.00000000000001,accel,26.78735264858101,False
6815.717241013525,6.815717241013525,25.48495496855597,51.4522301806352,inf,inf,False,straight,-1,60.00000000000001,accel,26.820734907910488,False
6820.72636967186,6.82072636967186,25.484994133122,51.45220528764134,inf,inf,False,straight,-1,60.00000000000001,accel,26.82957000757708,False
6825.755123605159,6.825755123605159,25.485033495876504,51.45218038273552,inf,inf,False,straight,-1,60.00000000000001,accel,26.81859898776588,False
6830.803029012809,6.8308030290128094,25.48507306825468,51.45215549785252,inf,inf,False,straight,-1,60.00000000000001,accel,26.793118959691444,False
6835.770475230074,6.835770475230074,25.485112121774403,51.45213122678413,inf,inf,False,straight,-1,60.00000000000001,accel,26.75328375003363,False
6840.688142005677,6.840688142005677,25.485150883582616,51.45210739454166,inf,inf,False,straight,-1,60.00000000000001,accel,26.70554543451728,False
6845.682849476628,6.845682849476628,25.48519034359084,51.452083369317,inf,inf,False,straight,-1,60.00000000000001,accel,26.65817810577517,False
6850.670171949077,6.850670171949076,25.485229806478248,51.45205950203528,inf,inf,False,straight,-1,60.00000000000001,accel,26.606154950897366,False
6855.672257187665,6.855672257187665,25.4852694414777,51.45203567538592,inf,inf,False,straight,-1,60.00000000000001,accel,26.55004872575591,False
6860.694329219605,6.860694329219605,25.48530928309161,51.452011851170695,inf,inf,False,straight,-1,60.00000000000001,accel,26.491903558305804,False
6865.703656502768,6.8657036565027685,25.48534906397705,51.45198816953543,inf,inf,False,straight,-1,60.00000000000001,accel,26.43834842115863,False
6870.689621171312,6.870689621171312,25.485388695429343,51.4519646720731,inf,inf,False,straight,-1,60.00000000000001,accel,26.394339443503483,False
6875.675767657127,6.8756757676571265,25.485428356653262,51.45194123181727,inf,inf,False,straight,-1,60.00000000000001,accel,26.354014062178795,False
6880.6802121926385,6.8806802121926385,25.48546818612348,51.45191775220179,inf,inf,False,straight,-1,60.00000000000001,accel,26.32804548871188,False
6885.688330362271,6.885688330362271,25.48550805849946,51.45189428350526,inf,inf,False,straight,-1,60.00000000000001,accel,26.31176296963572,False
6890.701683232475,6.890701683232475,25.48554798111206,51.45187080793377,inf,inf,False,straight,-1,60.00000000000001,cruise,26.31833181725879,False
6895.70144307934,6.895701443079339,25.48558779602258,51.45184739713287,inf,inf,False,straight,-1,60.00000000000001,cruise,26.082006988176943,False
6900.6832673268555,6.900683267326856,25.485627466503608,51.45182406700821,inf,inf,False,straight,-1,60.00000000000001,cruise,25.8625926343287,False
6905.682184683371,6.9056821846833705,25.48566727059681,51.45180065167628,inf,inf,False,straight,-1,60.00000000000001,cruise,25.657633578764557,False
6910.68176159302,6.91068176159302,25.485707078954643,51.45177723121904,inf,inf,False,straight,-1,60.00000000000001,cruise,25.459628258537816,False
6915.6815319870575,6.915681531987057,25.485746888206183,51.45175380852134,inf,inf,False,straight,-1,60.00000000000001,cruise,25.26865109706115,False
6920.681484786352,6.920681484786352,25.48578669851825,51.45173038416108,inf,inf,False,straight,-1,60.00000000000001,cruise,25.09108270061351,False
6925.681648797256,6.925681648797256,25.48582651034028,51.45170695845716,inf,inf,False,straight,-1,60.00000000000001,cruise,24.92584049487625,False
6930.681844948013,6.930681844948014,25.48586632246847,51.451683532706326,inf,inf,False,straight,-1,60.00000000000001,cruise,24.771843197182683,False
6935.682947751206,6.935682947751205,25.4859061420166,51.451660103122485,inf,inf,False,straight,-1,60.00000000000001,cruise,24.6337581672243,False
6940.685855762421,6.940685855762421,25.48594597633045,51.45163666589063,inf,inf,False,straight,-1,60.00000000000001,cruise,24.502203593147648,False
6945.686142479994,6.945686142479993,25.48598579087904,51.45161324322003,inf,inf,False,straight,-1,60.00000000000001,cruise,24.37690593815217,False
6950.687478079415,6.9506874780794154,25.48602561461222,51.45158981735421,inf,inf,False,straight,-1,60.00000000000001,cruise,24.254880116475512,False
6955.688642487203,6.955688642487202,25.486065438266603,51.45156639493968,inf,inf,False,straight,-1,60.00000000000001,cruise,24.135503788482985,False
6960.680275976561,6.960680275976561,25.486105188546336,51.45154302235947,inf,inf,False,straight,-1,60.00000000000001,cruise,24.01766746729855,False
6965.67566137835,6.96567566137835,25.486144970487285,51.45151963589196,inf,inf,False,straight,-1,60.00000000000001,cruise,23.89985892764345,False
6970.680396660734,6.970680396660734,25.486184828383205,51.45149620873787,inf,inf,False,straight,-1,60.00000000000001,cruise,23.781896255547466,False
6975.680755434264,6.975680755434264,25.486224653053466,51.45147280543348,inf,inf,False,straight,-1,60.00000000000001,cruise,23.664062963098942,False
6980.681698178611,6.9806816981786115,25.486264483660825,51.451449402051686,inf,inf,False,straight,-1,60.00000000000001,cruise,23.544935401564803,False
6985.688650436248,6.9856886504362485,25.486304363084027,51.45142597251342,inf,inf,False,straight,-1,60.00000000000001,cruise,23.421636491347357,False
6990.691532497535,6.990691532497535,25.486344211392744,51.451402564714286,inf,inf,False,straight,-1,60.00000000000001,cruise,23.293797407121527,False
6995.692512450878,6.995692512450878,25.48638404549581,51.45137916776651,inf,inf,False,straight,-1,60.00000000000001,cruise,23.16134913301432,False
7000.69345683587,7.0006934568358705,25.48642387998721,51.45135577237268,inf,inf,False,straight,-1,60.00000000000001,cruise,23.025748767437992,False
7005.696859163072,7.005696859163072,25.486463734466696,51.451332366326376,inf,inf,False,straight,-1,60.00000000000001,cruise,22.88846472307376,False
7010.697863621973,7.010697863621973,25.48650357052683,51.45130897290404,inf,inf,False,straight,-1,60.00000000000001,cruise,22.7503584548054,False
7015.697356500445,7.015697356500445,25.486543395122798,51.4512855877437,inf,inf,False,straight,-1,60.00000000000001,cruise,22.61141244190903,False
7020.6996030379505,7.020699603037951,25.48658324193232,51.45126219027893,inf,inf,False,straight,-1,60.00000000000001,cruise,22.47230487519545,False
7025.701918251375,7.025701918251375,25.486623089737517,51.45123879342,inf,inf,False,straight,-1,60.00000000000001,cruise,22.331476966735607,False
7030.702634766966,7.030702634766966,25.486662925395425,51.45121540525314,inf,inf,False,straight,-1,60.00000000000001,cruise,22.187321517864724,False
7035.703251938772,7.035703251938772,25.48670276082872,51.45119201872227,inf,inf,False,straight,-1,60.00000000000001,cruise,22.03649241796814,False
7040.703782450297,7.040703782450297,25.48674259625792,51.45116863401507,inf,inf,False,straight,-1,60.00000000000001,cruise,21.87806243711304,False
7045.706085068136,7.045706085068137,25.48678244655816,51.45114524257933,inf,inf,False,straight,-1,60.00000000000001,cruise,21.710184365531312,False
7050.706576180799,7.050706576180799,25.48682228362878,51.45112186209836,inf,inf,False,straight,-1,60.00000000000001,cruise,21.53195412914138,False
7055.706974866331,7.055706974866331,25.4868621213897,51.451098484999264,inf,inf,False,straight,-1,60.00000000000001,cruise,21.34227735047816,False
7060.709411396624,7.0607094113966244,25.486901977140768,51.45107510200207,inf,inf,False,straight,-1,60.00000000000001,cruise,21.13646686734953,False
7065.709831874637,7.065709831874637,25.48694181939562,51.451051733736726,inf,inf,False,straight,-1,60.00000000000001,cruise,20.918550774490505,False
7070.710225045052,7.070710225045052,25.48698166467651,51.4510283723106,inf,inf,False,straight,-1,60.00000000000001,cruise,20.69455412879364,False
7075.6904343076685,7.075690434307669,25.48702135454435,51.45100511640454,inf,inf,False,straight,-1,60.00000000000001,cruise,20.46144308197263,False
7080.690621392455,7.0806906213924545,25.48706120832837,51.4509817769496,inf,inf,False,straight,-1,60.00000000000001,cruise,20.22374327902528,False
7085.710920023793,7.085710920023793,25.487101227368505,51.45095835389496,inf,inf,False,straight,-1,60.00000000000001,cruise,19.977299512386235,False
7090.713636029399,7.090713636029399,25.48714111252155,51.45093502588197,inf,inf,False,straight,-1,60.00000000000001,cruise,19.72240514865389,False
7095.716556057296,7.095716556057296,25.48718100439771,51.45091170749383,inf,inf,False,straight,-1,60.00000000000001,cruise,19.462952840041407,False
7100.739548133541,7.10073954813354,25.48722106050256,51.4508883042293,inf,inf,False,straight,-1,60.00000000000001,cruise,19.199588149894566,False
7105.742258424707,7.105742258424707,25.487260962420724,51.4508650111517,inf,inf,False,straight,-1,60.00000000000001,cruise,18.93433726440306,False
7110.721766086047,7.110721766086047,25.487300686514654,51.450841841165605,inf,inf,False,straight,-1,60.00000000000001,cruise,18.666500916828216,False
7115.72261120002,7.11572261120002,25.487340583757494,51.45081857798928,inf,inf,False,straight,-1,60.00000000000001,cruise,18.393708480245103,False
7120.717631148937,7.120717631148937,25.48738043828347,51.45079534973052,inf,inf,False,straight,-1,60.00000000000001,cruise,18.117886173098007,False
7125.718267567482,7.125718267567482,25.487420339844764,51.45077209998086,inf,inf,False,straight,-1,60.00000000000001,cruise,17.839952539621976,False
7130.719007112358,7.130719007112358,25.48746024417457,51.45074885380384,inf,inf,False,straight,-1,60.00000000000001,cruise,17.560161304228252,False
7135.713518320146,7.135713518320146,25.487500100677785,51.450725640482425,inf,inf,False,straight,-1,60.00000000000001,cruise,17.28040073270941,False
7140.710958178874,7.1407109581788735,25.48753998151012,51.45070241554592,inf,inf,False,straight,-1,60.00000000000001,cruise,17.0034476154056,False
7145.714807084019,7.145714807084019,25.487579913938266,51.45067916176187,inf,inf,False,straight,-1,60.00000000000001,cruise,16.72471039911749,False
7150.715588641951,7.150715588641951,25.48761982257434,51.45065592366265,inf,inf,False,straight,-1,60.00000000000001,cruise,16.453749289276242,False
7155.713033631441,7.155713033631441,25.4876597050127,51.45063270196355,inf,inf,False,straight,-1,60.00000000000001,cruise,16.194793273812014,False
7160.717314727392,7.160717314727392,25.48769964159022,51.45060944763038,inf,inf,False,straight,-1,60.00000000000001,cruise,15.94977217311736,False
7165.721871331952,7.165721871331952,25.48773958004055,51.45058619133788,inf,inf,False,straight,-1,60.00000000000001,cruise,15.730034840793538,False
7170.719482263662,7.170719482263662,25.48777946283653,51.45056296685328,inf,inf,False,straight,-1,60.00000000000001,cruise,15.535888215615708,False
7175.717009645874,7.175717009645874,25.48781934383065,51.45053974039186,inf,inf,False,straight,-1,60.00000000000001,cruise,15.351972378630297,False
7180.7182554522415,7.180718255452241,25.487859252564714,51.45051649262057,inf,inf,False,straight,-1,60.00000000000001,cruise,15.182322873640624,False
7185.719623489891,7.1857196234898915,25.48789915986457,51.45049323926269,inf,inf,False,straight,-1,60.00000000000001,cruise,15.026276069850152,False
7190.721121224509,7.1907211212245095,25.487939064878827,51.4504699783885,inf,inf,False,straight,-1,60.00000000000001,cruise,14.87627772174268,False
7195.722755431012,7.195722755431012,25.487978966474643,51.45044670749957,inf,inf,False,straight,-1,60.00000000000001,cruise,14.745855671112212,False
7200.724531484983,7.200724531484983,25.488018863132663,51.4504234233274,inf,inf,False,straight,-1,60.00000000000001,cruise,14.627441404224315,False
7205.726452691428,7.205726452691428,25.48805875281056,51.45040012156783,inf,inf,False,straight,-1,58.92931284902751,cruise,14.521075302377534,False
7210.728519115056,7.210728519115056,25.488098632759343,51.45037679653131,inf,inf,False,straight,-1,55.53110144556146,cruise,14.427218760328849,False
7215.726388363345,7.215726388363345,25.48813846500803,51.45035346155402,inf,inf,False,straight,-1,51.91405315528999,cruise,14.340976824366669,False
7220.755113813191,7.220755113813191,25.488178521472857,51.450329937612906,inf,inf,False,straight,-1,48.00036691557924,cruise,14.25517957143836,False
7225.72652604666,7.22572652604666,25.488218099258084,51.45030663607172,inf,inf,False,straight,-1,43.78879090310311,cruise,14.16851502759541,False
7230.69232934924,7.23069232934924,25.488257593593293,51.45028328103801,inf,inf,False,straight,-1,39.13205008617715,cruise,14.07743053380251,False
7235.717362557456,7.235717362557456,25.48829749998167,51.45025952673561,inf,inf,False,straight,-1,33.77233722554901,cruise,13.984786596672611,False
7240.721158033303,7.2407211580333035,25.48833715742829,51.45023570990412,inf,inf,False,straight,-1,27.413055748572077,cruise,13.890020052870907,False
7245.673638708229,7.2456736387082294,25.48837629558347,51.450211911235925,inf,inf,False,straight,-1,19.140813153888725,brake,13.791347352840658,False
7250.385196426749,7.250385196426749,25.488413374327223,51.45018896281744,inf,inf,False,straight,-1,0.0,accel,0.0,False
7250.385196426749,7.250385196426749,25.488415852960205,51.45018741356243,inf,inf,True,straight,-1,0.0,accel,0.0,False
7255.608720518508,7.255608720518508,25.488456810871455,51.45016167989994,inf,inf,False,straight,-1,60.00000000000001,accel,10.619933599248132,False
7260.586615223159,7.2605866152231595,25.48849576814852,51.45013701273625,inf,inf,False,straight,-1,60.00000000000001,accel,14.841243609485849,False
7265.570619962203,7.265570619962203,25.48853472553825,51.4501122241018,inf,inf,False,straight,-1,60.00000000000001,accel,18.10729025660704,False
7270.579102127969,7.270579102127969,25.4885738405863,51.45008724963076,inf,inf,False,straight,-1,60.00000000000001,accel,20.88094599422589,False
7275.585195201461,7.275585195201461,25.488612910321496,51.4500622364867,inf,inf,False,straight,-1,60.00000000000001,accel,23.32599980928968,False
7280.585531554235,7.280585531554235,25.4886519152098,51.45003721439266,inf,inf,False,straight,-1,60.00000000000001,accel,25.32195751861014,False
7285.57876154978,7.28557876154978,25.488690850091363,51.45001220031393,inf,inf,False,straight,-1,60.00000000000001,accel,27.018742047329336,False
7290.587272360117,7.290587272360117,25.488729896217265,51.44998709475425,inf,inf,False,straight,-1,60.00000000000001,accel,28.510580859510924,False
7295.601611456769,7.295601611456769,25.488768982163656,51.44996194938349,inf,inf,False,straight,-1,60.00000000000001,accel,29.84462600806444,False
7300.608636738421,7.3006086367384215,25.48880800656967,51.449936832146506,inf,inf,False,straight,-1,60.00000000000001,accel,31.05001165531438,False
7305.6183694465035,7.305618369446504,25.488847050794792,51.44991169891056,inf,inf,False,straight,-1,60.00000000000001,accel,31.069269589475123,False
7310.62447967093,7.310624479670929,25.488886066974786,51.449886584201295,inf,inf,False,straight,-1,60.00000000000001,accel,31.1971945205495,False
7315.645388121808,7.3156453881218075,25.488925202404417,51.44986140263631,inf,inf,False,straight,-1,60.00000000000001,accel,31.31321985286296,False
7320.635708897693,7.320635708897693,25.4889641019494,51.44983637925188,inf,inf,False,straight,-1,60.00000000000001,accel,31.415914423469317,False
7325.606854917191,7.325606854917192,25.4890028566592,51.449811460756216,inf,inf,False,straight,-1,60.00000000000001,accel,31.504713503842417,False
7330.575419384432,7.330575419384433,25.489041598866116,51.44978656959153,inf,inf,False,straight,-1,60.00000000000001,accel,31.58691632465537,False
7335.583680475059,7.335583680475059,25.48908066455373,51.44976150591752,inf,inf,False,straight,-1,60.00000000000001,accel,31.661867231309454,False
7340.595875260853,7.340595875260853,25.48911976946973,51.4497364387244,inf,inf,False,straight,-1,60.00000000000001,accel,31.725789416533782,False
7345.597763768491,7.345597763768491,25.48915879983308,51.44971143416436,inf,inf,False,straight,-1,60.00000000000001,accel,31.77901079179912,False
7350.622587382451,7.350622587382451,25.489198021495017,51.44968633832471,inf,inf,False,straight,-1,60.00000000000001,accel,31.822890363702943,False
7355.655754304435,7.3556557543044345,25.489237319341864,51.44966122180209,inf,inf,False,straight,-1,60.00000000000001,accel,31.854635377575622,False
7360.66173757502,7.36066173757502,25.489276413327804,51.4496362568532,inf,inf,False,straight,-1,60.00000000000001,accel,31.87792738116617,False
7365.642684845902,7.365642684845902,25.489315319804547,51.44961143198214,inf,inf,False,straight,-1,60.00000000000001,accel,31.895942732588885,False
7370.6446550047185,7.370644655004718,25.48935439971008,51.44958651987105,inf,inf,False,straight,-1,60.00000000000001,accel,31.90981475945764,False
7375.643169541667,7.375643169541667,25.48939345883159,51.449561636803125,inf,inf,False,straight,-1,60.00000000000001,cruise,31.920293255020667,False
7380.641916143047,7.3806419161430465,25.48943252540295,51.44953676331861,inf,inf,False,straight,-1,60.00000000000001,cruise,31.74943696308237,False
7385.639364665289,7.3856393646652885,25.489471586982717,51.4495119061167,inf,inf,False,straight,-1,60.00000000000001,cruise,31.57610213566437,False
7390.637355889139,7.390637355889139,25.489510658162743,51.44948705643528,inf,inf,False,straight,-1,60.00000000000001,cruise,31.400125588027507,False
7395.650275550753,7.395650275550753,25.489549853143345,51.449462146079775,inf,inf,False,straight,-1,60.00000000000001,cruise,31.22136231236237,False
7400.652085576145,7.400652085576144,25.489588966618424,51.44943730116367,inf,inf,False,straight,-1,60.00000000000001,cruise,31.04037921455549,False
7405.658276143929,7.405658276143929,25.48962812090112,51.4494124470094,inf,inf,False,straight,-1,60.00000000000001,cruise,30.859590157316084,False
7410.676410241235,7.410676410241235,25.489667376304205,51.449387548299065,inf,inf,False,straight,-1,60.00000000000001,cruise,30.679900860153158,False
7415.680789758152,7.415680789758152,25.48970653265889,51.44936273419842,inf,inf,False,straight,-1,60.00000000000001,accel,30.50755336045081,False
7420.674816204908,7.420674816204908,25.489745617174822,51.44933798899557,inf,inf,False,straight,-1,60.00000000000001,accel,30.53825880834743,False
7425.6739981538485,7.425673998153848,25.48978475198131,51.449313237311735,inf,inf,False,straight,-1,60.00000000000001,accel,30.573693223688533,False
7430.645780909856,7.430645780909856,25.489823684658656,51.449288645009815,inf,inf,False,straight,-1,60.00000000000001,accel,30.596760862395097,False
7435.617980348534,7.435617980348534,25.48986263568592,51.44926407965077,inf,inf,False,straight,-1,60.00000000000001,accel,30.596760862395097,False
7440.627578599855,7.440627578599855,25.4899018994304,51.44923936754629,inf,inf,False,straight,-1,60.00000000000001,accel,30.596760862395097,False
7445.633949723548,7.445633949723548,25.489941147569898,51.44921469004834,inf,inf,False,straight,-1,60.00000000000001,accel,30.596760862395097,False
7450.647786560091,7.450647786560091,25.48998046412003,51.4491899948308,inf,inf,False,straight,-1,60.00000000000001,accel,30.596760862395097,False
7455.655366888164,7.455655366888164,25.490019738513432,51.44916534377175,inf,inf,False,straight,-1,60.00000000000001,accel,30.596760862395097,False
7460.65435789966,7.46065435789966,25.490058950980128,51.44914074551372,inf,inf,False,straight,-1,60.00000000000001,accel,30.596760862395097,False
7465.6544027872105,7.4656544027872105,25.49009817671188,51.44911615174068,inf,inf,False,straight,-1,60.00000000000001,accel,30.596760862395097,False
7470.654826571759,7.470654826571759,25.490137409827668,51.44909156464353,inf,inf,False,straight,-1,60.00000000000001,accel,30.596760862395097,False
7475.651716129212,7.475651716129212,25.49017661922064,51.44906700268326,inf,inf,False,straight,-1,60.00000000000001,accel,30.596760862395097,False
7480.655198357707,7.480655198357708,25.490215884969466,51.44904241727726,inf,inf,False,straight,-1,60.00000000000001,accel,30.596760862395097,False
7485.655437271719,7.485655437271719,25.49025512920261,51.44901785543863,inf,inf,False,straight,-1,60.00000000000001,accel,30.596760862395097,False
7490.65709171329,7.49065709171329,25.49029438879461,51.44899329488641,inf,inf,False,straight,-1,60.00000000000001,accel,30.596760862395097,False
7495.656315846261,7.4956563158462615,25.490333634214995,51.448968755783575,inf,inf,False,straight,-1,60.00000000000001,accel,30.596760862395097,False
7500.657057604697,7.500657057604697,25.490372897507367,51.4489442207972,inf,inf,False,straight,-1,60.00000000000001,accel,30.641223164085385,False
7505.651374474628,7.505651374474628,25.490412117169097,51.44891973056969,inf,inf,False,straight,-1,60.00000000000001,accel,30.680857641604327,False
7510.661574458222,7.510661574458222,25.49045147132302,51.44889518144092,inf,inf,False,straight,-1,60.00000000000001,accel,30.71943841535785,False
7515.667562076258,7.515667562076258,25.490490807216048,51.44887068181407,inf,inf,False,straight,-1,60.00000000000001,accel,30.753498120145288,False
7520.692690762428,7.520692690762428,25.490530312906287,51.4488461263253,inf,inf,False,straight,-1,60.00000000000001,accel,30.78864134927462,False
7525.716080322984,7.525716080322985,25.49056983517075,51.44882163847412,inf,inf,False,straight,-1,60.00000000000001,accel,30.82453701505005,False
7530.688850360333,7.530688850360333,25.490609008866016,51.44879749494476,inf,inf,False,straight,-1,60.00000000000001,accel,30.86167461857812,False
7535.598417951177,7.535598417951177,25.490647748722207,51.44877378480614,inf,inf,False,straight,-1,60.00000000000001,accel,30.90013958039393,False
7540.592495419869,7.540592495419869,25.49068722475329,51.44874980451098,inf,inf,False,straight,-1,60.00000000000001,accel,30.938366646569943,False
7545.638112813631,7.545638112813631,25.490727157157263,51.448725674812266,inf,inf,False,straight,-1,60.00000000000001,accel,30.9821263813421,False
7550.680375491936,7.550680375491935,25.490767076549663,51.44870158836279,inf,inf,False,straight,-1,60.00000000000001,accel,31.032199196418865,False
7555.712438120375,7.555712438120374,25.490806915594906,51.44867755145499,inf,inf,False,straight,-1,60.00000000000001,accel,31.084226602831038,False
7560.688997681778,7.560688997681778,25.490846285924828,51.448653720851055,inf,inf,False,straight,-1,60.00000000000001,accel,31.134848837131905,False
7565.63570080741,7.56563570080741,25.4908853906784,51.448629974421,inf,inf,False,straight,-1,60.00000000000001,accel,31.182104782149423,False
7570.6365694158785,7.570636569415878,25.490924895749284,51.4486059123623,inf,inf,False,straight,-1,60.00000000000001,accel,31.229455974576112,False
7575.637384468109,7.575637384468109,25.49096438312865,51.448581816192245,inf,inf,False,straight,-1,60.00000000000001,accel,31.27101741788236,False
7580.63816783169,7.58063816783169,25.491003857179997,51.44855769418898,inf,inf,False,straight,-1,60.00000000000001,accel,31.29433893718036,False
7585.638337297674,7.585638337297675,25.491043316470947,51.44853355547085,inf,inf,False,straight,-1,60.00000000000001,accel,31.313527252938396,False
7590.6388853991875,7.590638885399188,25.49108277105456,51.448509399667294,inf,inf,False,straight,-1,60.00000000000001,accel,31.31015243797299,False
7595.633882901191,7.595633882901191,25.4911221763228,51.44848525973829,inf,inf,False,straight,-1,60.00000000000001,accel,31.28690651376002,False
7600.640166097895,7.600640166097896,25.49116166512407,51.44846105437848,inf,inf,False,straight,-1,60.00000000000001,accel,31.252135830952238,False
7605.6579161421,7.6056579161421,25.491201239969357,51.44843678485927,inf,inf,False,straight,-1,60.00000000000001,accel,31.184989078530545,False
7610.6704248754595,7.610670424875459,25.491240773849945,51.44841254142965,inf,inf,False,straight,-1,60.00000000000001,accel,31.09223646619192,False
7615.679559136185,7.615679559136185,25.491280282748598,51.44838831755176,inf,inf,False,straight,-1,60.00000000000001,cruise,30.98546693169487,False
7620.667795716828,7.620667795716828,25.49131963456508,51.44836421006888,inf,inf,False,straight,-1,60.00000000000001,cruise,30.676028476247502,False
7625.640927153646,7.625640927153646,25.4913588749419,51.44834019089153,inf,inf,False,straight,-1,60.00000000000001,cruise,30.35767018790456,False
7630.632354704375,7.630632354704375,25.49139826523439,51.4483160943542,inf,inf,False,straight,-1,60.00000000000001,cruise,30.035899542262943,False
7635.628324014168,7.635628324014168,25.491437696716595,51.448291986502014,inf,inf,False,straight,-1,60.00000000000001,cruise,29.70739406061395,False
7640.62442212085,7.64062442212085,25.491477134747083,51.44826788901015,inf,inf,False,straight,-1,60.00000000000001,cruise,29.37475221628993,False
7645.62863058107,7.64562863058107,25.49151664296762,51.448243764654215,inf,inf,False,straight,-1,60.00000000000001,cruise,29.041093976492917,False
7650.644033439651,7.650644033439651,25.491556246834428,51.44821960077745,inf,inf,False,straight,-1,60.00000000000001,cruise,28.70892803756908,False
7655.652192297472,7.655652192297472,25.491595802841196,51.44819549038928,inf,inf,False,straight,-1,60.00000000000001,cruise,28.389314775749785,False
7660.646332789484,7.660646332789485,25.491635259246543,51.44817146963868,inf,inf,False,straight,-1,60.00000000000001,cruise,28.07749008779594,False
7665.633337438832,7.665633337438832,25.49167467148975,51.44814750757158,inf,inf,False,straight,-1,60.00000000000001,cruise,27.77442157758701,False
7670.625711474268,7.670625711474268,25.49171413987776,51.44812354708842,inf,inf,False,straight,-1,60.00000000000001,cruise,27.481176830952958,False
7675.588050983328,7.675588050983328,25.491753390314805,51.44809976975832,inf,inf,False,straight,-1,60.00000000000001,cruise,27.193203517425644,False
7680.582405955064,7.6805824059550645,25.491792916228626,51.448075883635575,inf,inf,False,straight,-1,60.00000000000001,cruise,26.908888185647758,False
7685.608819140699,7.685608819140699,25.49183272057835,51.44805189389865,inf,inf,False,straight,-1,60.00000000000001,cruise,26.63302136486891,False
7690.611531499206,7.690611531499206,25.491872361415385,51.44802806601514,inf,inf,False,straight,-1,60.00000000000001,cruise,26.3678730439845,False
7695.603591480077,7.695603591480077,25.491911942518687,51.44800433874495,inf,inf,False,straight,-1,60.00000000000001,cruise,26.11282633641769,False
7700.619189314273,7.700619189314273,25.49195173665452,51.44798055312502,inf,inf,False,straight,-1,60.00000000000001,cruise,25.864445907849557,False
7705.624958194704,7.705624958194704,25.49199148392109,51.44795687738963,inf,inf,False,straight,-1,60.00000000000001,cruise,25.617677892997147,False
7710.60022667495,7.71060022667495,25.49203102748063,51.447933424456735,inf,inf,False,straight,-1,60.00000000000001,cruise,25.37026270920857,False
7715.623751024867,7.715623751024866,25.492070994537137,51.44790982598199,inf,inf,False,straight,-1,60.00000000000001,cruise,25.11692340326141,False
7720.61896173361,7.72061896173361,25.492110784875877,51.44788646054853,inf,inf,False,straight,-1,60.00000000000001,cruise,24.859341406020118,False
7725.5698411649855,7.725569841164986,25.49215027993716,51.447863422418266,inf,inf,False,straight,-1,60.00000000000001,cruise,24.5987744357695,False
7730.573006297058,7.730573006297058,25.492190253494154,51.44784026914166,inf,inf,False,straight,-1,60.00000000000001,cruise,24.331504480554266,False
7735.601176170542,7.735601176170542,25.492230491795716,51.44781713675561,inf,inf,False,straight,-1,60.00000000000001,accel,24.054102444826377,False
7740.594315135113,7.740594315135113,25.492270522924983,51.44779432062295,inf,inf,False,straight,-1,60.00000000000001,accel,24.08689332324013,False
7745.607994648044,7.745607994648044,25.492310803151423,51.44777159125029,inf,inf,False,straight,-1,60.00000000000001,accel,24.10856500743712,False
7750.664516911128,7.750664516911128,25.49235152941591,51.4477488879659,inf,inf,False,straight,-1,60.00000000000001,accel,24.11246599757224,False
7755.68424188282,7.75568424188282,25.49239209515937,51.44772664806628,inf,inf,False,straight,-1,60.00000000000001,accel,24.10068562745268,False
7760.692555461312,7.760692555461311,25.49243272796932,51.44770481480928,inf,inf,False,straight,-1,60.00000000000001,accel,24.073283436828103,False
7765.74436698402,7.765744366984021,25.49247390353152,51.4476832259111,inf,inf,False,straight,-1,60.00000000000001,accel,24.02940588362029,False
7770.822071229551,7.77082207122955,25.4925155404372,51.44766211536167,75.5,52.7,False,turn,1,60.00000000000001,accel,23.962986800982154,True
7775.840595284368,7.775840595284368,25.49255704157073,51.44764210845769,75.5,52.7,False,turn,1,60.00000000000001,accel,23.878330933787613,False
7780.782490621355,7.7807824906213545,25.4925983510718,51.44762355940504,75.5,52.7,False,turn,1,60.00000000000001,accel,23.776800501917016,False
7785.72705841754,7.785727058417541,25.492640217584672,51.4476065164163,75.5,52.7,False,turn,1,60.00000000000001,accel,23.6579059949308,False
7790.560769269816,7.790560769269816,25.492681810200192,51.44759198973492,75.5,52.7,False,turn,1,60.00000000000001,accel,23.522946506851955,False
7795.278665246368,7.795278665246368,25.49272317283112,51.44758081833512,75.5,52.7,False,turn,1,60.00000000000001,accel,23.36380250519952,False
7800.07903073205,7.80007903073205,25.492766003555356,51.44757357732528,75.5,52.7,False,turn,1,60.00000000000001,accel,23.178598817323536,False
7804.918580239259,7.804918580239259,25.492809658247385,51.44757175749036,75.5,52.7,False,turn,1,60.00000000000001,accel,22.96882411925136,False
7809.599319984591,7.80959931998459,25.4928518366345,51.44757451088873,75.5,52.7,False,turn,1,60.00000000000001,accel,22.795295731057493,False
7814.387349864325,7.814387349864325,25.49289462232472,51.44758125004222,75.5,52.7,False,turn,1,60.00000000000001,accel,22.64881187070172,False
7819.272141601849,7.819272141601849,25.492937733200485,51.44759145119826,75.5,52.7,False,turn,1,60.00000000000001,accel,22.533334846516937,False
7824.0319771805725,7.824031977180573,25.492979032669048,51.44760450632016,75.5,52.7,False,turn,1,60.00000000000001,accel,22.439907612161356,False
7828.761726492443,7.828761726492443,25.493019208921485,51.44762042016699,75.5,52.7,False,turn,1,60.00000000000001,accel,22.35816104873661,False
7833.554341027364,7.833554341027364,25.493058874404436,51.44763944437447,75.5,52.7,False,turn,1,60.00000000000001,accel,22.288311090621825,False
7838.199486842989,7.838199486842989,25.49309600431648,51.44766090559362,75.5,52.7,False,turn,1,60.00000000000001,accel,22.22365806056421,False
7842.713536862977,7.842713536862977,25.493130577192765,51.447684661341455,75.5,52.7,False,turn,1,60.00000000000001,accel,22.185196229493904,False
7847.166465966923,7.847166465966923,25.493162851310057,51.44771105456014,75.5,52.7,False,turn,1,60.00000000000001,accel,22.167353519356823,False
7851.559693016056,7.851559693016056,25.493192400825706,51.44774018826877,75.5,52.7,False,turn,1,60.00000000000001,accel,22.164965196791847,False
7855.889745731948,7.855889745731948,25.49321914897364,51.44777158332612,75.5,52.7,False,turn,1,60.00000000000001,cruise,22.17218626447647,False
7860.105339861852,7.860105339861852,25.49324262535869,51.447804573139685,75.5,52.7,False,turn,1,60.00000000000001,accel,21.895645876697024,False
7864.140340857567,7.864140340857567,25.49326294181899,51.44783787358424,75.5,52.7,False,turn,1,60.00000000000001,accel,21.961720892922514,False
7868.088016811495,7.8680880168114955,25.49328096030543,51.447871739315374,75.5,52.7,False,turn,1,60.00000000000001,cruise,22.01179624800932,False
7871.82101513835,7.87182101513835,25.49329634196284,51.44790476543464,75.5,52.7,False,turn,1,60.00000000000001,accel,21.815207422617785,False
7875.411441485768,7.875411441485768,25.49330942027436,51.44793743089453,75.5,52.7,False,turn,1,60.00000000000001,accel,21.815207422617785,False
7879.100339721526,7.879100339721527,25.49332088113205,51.44797187018794,75.5,52.7,False,turn,1,60.00000000000001,accel,21.9901878763882,False
7882.986754202447,7.882986754202447,25.49333066809456,51.44800898026286,75.5,52.7,False,turn,1,60.00000000000001,cruise,22.01179624800932,False
7886.973383625123,7.886973383625122,25.493338377865275,51.4480477006267,75.5,52.7,False,turn,1,60.00000000000001,accel,21.810531912398893,False
7891.003609574482,7.891003609574482,25.49334351941048,51.44808737266811,75.5,52.7,False,turn,1,60.00000000000001,accel,21.91705764365118,False
7895.204562406773,7.895204562406773,25.49334567217904,51.44812907718725,75.5,52.7,False,turn,1,60.00000000000001,cruise,22.01179624800932,False
7899.483217990897,7.899483217990897,25.493344046774936,51.448171584011405,75.5,52.7,False,turn,1,60.00000000000001,accel,21.76784473840865,False
7903.741097305463,7.903741097305463,25.493339267069366,51.44821359329174,75.5,52.7,False,turn,1,60.00000000000001,accel,21.8744381879099,False
7908.021225047552,7.908021225047553,25.493331751991064,51.44825533959564,75.5,52.7,False,turn,1,60.00000000000001,accel,21.98852935977949,False
7912.373693605161,7.912373693605161,25.493321757927347,51.448297194480055,75.5,52.7,False,turn,1,60.00000000000001,cruise,22.01179624800932,False
7916.671254302319,7.916671254302319,25.49330971620671,51.44833781616954,75.5,52.7,False,turn,1,60.00000000000001,accel,21.806870966428423,False
7921.004587696173,7.921004587696173,25.493295384447396,51.44837790811829,75.5,52.7,False,turn,1,60.00000000000001,accel,21.933073156410146,False
7925.406720609436,7.925406720609436,25.49327914924278,51.4484178604402,75.5,52.7,False,turn,1,60.00000000000001,cruise,22.01179624800932,False
7929.965111024948,7.929965111024948,25.49326105335974,51.44845856809643,75.5,52.7,False,turn,1,60.00000000000001,accel,21.815363673541896,False
7934.589905175537,7.934589905175537,25.493241770107065,51.4484993547555,75.5,52.7,False,turn,1,60.00000000000001,accel,21.9849072247767,False
7939.267701170703,7.939267701170703,25.49322156271509,51.44854019613645,75.5,52.7,False,turn,1,60.00000000000001,cruise,22.01179624800932,False
7944.00845689925,7.944008456899249,25.493200522566,51.44858124451679,75.5,52.7,False,turn,1,60.00000000000001,accel,21.835223418502466,False
7948.756495498782,7.948756495498782,25.49317900056947,51.44862207241721,75.5,52.7,False,turn,1,60.00000000000001,cruise,22.01179624800932,False
7953.517705731915,7.953517705731915,25.4931570248207,51.44866275844108,75.5,52.7,False,turn,1,60.00000000000001,accel,21.848309381002323,False
7958.327925745744,7.958327925745745,25.493134451773244,51.44870361729289,75.5,52.7,False,turn,1,60.00000000000001,cruise,22.01179624800932,False
7963.24403515974,7.9632440351597396,25.493111011554014,51.44874512463621,75.5,52.7,False,turn,1,60.00000000000001,accel,21.857174559664944,False
7968.150357004709,7.968150357004709,25.49308723346505,51.44878628282273,75.5,52.7,False,turn,1,60.00000000000001,cruise,22.01179624800932,False
7973.072887493369,7.97307288749337,25.49306294011499,51.44882726688119,75.5,52.7,False,turn,1,60.00000000000001,accel,21.87034607000912,False
7978.026566941269,7.978026566941269,25.49303797323781,51.44886813069778,75.5,52.7,False,turn,1,60.00000000000001,cruise,22.01179624800932,False
7982.983873577704,7.982983873577704,25.49301234408984,51.448908537966766,75.5,52.7,False,turn,1,60.00000000000001,cruise,21.88253700137869,False
7987.896160989957,7.987896160989957,25.492986436985632,51.44894817929592,75.5,52.7,False,turn,1,60.00000000000001,cruise,21.766734595974576,False
7992.832704930228,7.992832704930228,25.492959990339838,51.448987686013794,75.5,52.7,False,turn,1,60.00000000000001,cruise,21.660078142781693,False
7997.80556668188,7.99780556668188,25.4929330152667,51.449027209554295,75.5,52.7,False,turn,1,60.00000000000001,cruise,21.55858676707116,False
8002.713204673673,8.002713204673674,25.49290611551648,51.449065982185125,75.5,52.7,False,turn,1,60.00000000000001,cruise,21.459231819712183,False
8007.603403532833,8.007603403532833,25.49287903572765,51.44910438310857,75.5,52.7,False,turn,1,60.00000000000001,cruise,21.356830304476244,False
8012.3668189584705,8.012366818958471,25.4928524134357,51.44914157761094,75.5,52.7,False,turn,1,60.00000000000001,cruise,21.251132438023973,False
8017.248160555518,8.017248160555518,25.492824725189887,51.44917933524314,75.5,52.7,False,turn,1,60.00000000000001,cruise,21.135672972992868,False
8022.355155396843,8.022355155396843,25.49279530246385,51.44921842860084,75.5,52.7,False,turn,1,60.00000000000001,cruise,21.0020511325334,False
8027.509146242873,8.027509146242872,25.492765465004343,51.44925774968299,75.5,52.7,False,turn,1,60.00000000000001,cruise,20.86160641209652,False
8032.692241910757,8.032692241910757,25.492735396891003,51.44929723547895,75.5,52.7,False,turn,1,60.00000000000001,cruise,20.7072988111462,False
8037.814505211626,8.037814505211626,25.49270576242802,51.44933633228214,inf,inf,False,straight,-1,60.00000000000001,cruise,20.532185012341014,False
8042.780760230035,8.042780760230036,25.49267720073025,51.44937439406216,203.5,383.0,False,turn,2,60.00000000000001,cruise,20.341269144203405,True
8047.770539966616,8.047770539966615,25.492648579934425,51.44941270536163,203.5,383.0,False,turn,2,60.00000000000001,cruise,20.14404379791295,False
8052.793299366302,8.052793299366302,25.492619829965747,51.44945132416602,203.5,383.0,False,turn,2,60.00000000000001,cruise,19.935989517843492,False
8057.803822330088,8.057803822330088,25.49259121074993,51.44948990363248,203.5,383.0,False,turn,2,60.00000000000001,cruise,19.72276602783873,False
8062.812943596384,8.062812943596384,25.492562657954352,51.44952852479652,203.5,383.0,False,turn,2,60.00000000000001,cruise,19.511832849221708,False
8067.8776715041795,8.06787767150418,25.4925338469526,51.44956762731987,203.5,383.0,False,turn,2,60.00000000000001,cruise,19.30163427076636,False
8072.934934933672,8.072934934933672,25.492505132051917,51.449606720094096,203.5,383.0,False,turn,2,60.00000000000001,cruise,19.102170784655456,False
8077.916653186761,8.077916653186762,25.492476900785707,51.44964527757022,203.5,383.0,False,turn,2,60.00000000000001,cruise,18.93777103100652,False
8082.900445852827,8.082900445852827,25.49244871824885,51.44968390474341,203.5,383.0,False,turn,2,60.00000000000001,cruise,18.782484598758774,False
8087.893526697185,8.087893526697185,25.49242053984421,51.44972265397894,203.5,383.0,False,turn,2,60.00000000000001,cruise,18.650864345328163,False
8092.902568110313,8.092902568110313,25.49239232805064,51.44976157701239,203.5,383.0,False,turn,2,60.00000000000001,cruise,18.54034339083965,False
8097.949450996564,8.097949450996564,25.492363971628603,51.44980085422153,203.5,383.0,False,turn,2,60.00000000000001,cruise,18.433491051843877,False
8102.997843906399,8.1029978439064,25.49233565186059,51.44984018267269,203.5,383.0,False,turn,2,60.00000000000001,cruise,18.35155203954953,False
8108.0251867516145,8.108025186751615,25.492307481070927,51.4498793741075,203.5,383.0,False,turn,2,60.00000000000001,cruise,18.277413492014336,False
8113.012616498915,8.113012616498915,25.49227955672784,51.44991827425994,203.5,383.0,False,turn,2,60.00000000000001,cruise,18.20518627039388,False
8118.113856782966,8.118113856782966,25.492251053361027,51.44995811269913,203.5,383.0,False,turn,2,60.00000000000001,cruise,18.128983548414915,False
8123.322296500259,8.123322296500259,25.49222205880576,51.449998881617816,203.5,383.0,False,turn,2,60.00000000000001,cruise,18.048293863487448,False
8128.47488484396,8.12847488484396,25.492193654168997,51.45003945224878,203.5,383.0,False,turn,2,60.00000000000001,cruise,17.95505792154511,False
8133.554841858382,8.133554841858382,25.49216603875487,51.45007977768501,203.5,383.0,False,turn,2,60.00000000000001,cruise,17.84994852449745,False
8138.2959243128,8.1382959243128,25.492141081031114,51.45011807420645,203.5,383.0,False,turn,2,60.00000000000001,cruise,17.727085642061713,False
8142.8567698108,8.1428567698108,25.4921179335565,51.45015557786564,inf,inf,False,straight,-1,60.00000000000001,cruise,17.591595329479592,False
8147.745444448159,8.147745444448159,25.492093934515623,51.45019637120885,inf,inf,False,straight,-1,60.00000000000001,cruise,17.437890076314595,False
8152.722825664775,8.152722825664775,25.49207001230559,51.45023826506719,inf,inf,False,straight,-1,59.414406446129604,cruise,17.282278611910407,False
8157.735222700527,8.157735222700527,25.492046302002336,51.45028071419264,inf,inf,False,straight,-1,56.03844840683787,cruise,17.104298774729248,False
8162.792925135634,8.162792925135633,25.49202268559662,51.45032375404216,inf,inf,False,straight,-1,52.41202875764227,cruise,16.898184495338292,False
8167.828255604752,8.167828255604752,25.491999416126028,51.45036676381619,inf,inf,False,straight,-1,48.533220181781736,cruise,16.666340789498044,False
8172.840248358815,8.172840248358815,25.49197645561828,51.45040970550055,inf,inf,False,straight,-1,44.33667674349668,cruise,16.39624378623235,False
8177.874908611881,8.177874908611882,25.49195355744427,51.450452948686106,inf,inf,False,straight,-1,39.676765535750114,cruise,16.099651040560996,False
8182.916324753364,8.182916324753364,25.49193077838061,51.450496345750174,inf,inf,False,straight,-1,34.38350191904807,cruise,15.77759013763368,False
8187.981931020571,8.187981931020571,25.491908032234484,51.450540041250015,inf,inf,False,straight,-1,28.077102074095382,cruise,15.429631903424353,False
8193.049666387102,8.193049666387102,25.49188542687365,51.45058384966373,inf,inf,False,straight,-1,19.85589481181234,cruise,15.059293386257051,False
8198.119838182083,8.198119838182084,25.49186298088211,51.4506277851977,inf,inf,True,straight,-1,0.0,brake,14.6667133960437,False
8203.250416341933,8.203250416341932,25.49184046076318,51.450672363337056,inf,inf,False,straight,-1,60.00000000000001,accel,0.0,False
8208.391678351294,8.208391678351294,25.491818145173283,51.45071718730357,inf,inf,False,straight,-1,60.00000000000001,accel,10.552583845297589,False
8213.476849645338,8.213476849645337,25.491796417629,51.45076172829874,inf,inf,False,straight,-1,60.00000000000001,accel,14.864399570187857,False
8218.662744284442,8.218662744284442,25.49177462063777,51.45080736292458,inf,inf,False,straight,-1,60.00000000000001,accel,18.25705653332604,False
8223.785308664394,8.223785308664393,25.491753654249838,51.450852761940055,inf,inf,False,straight,-1,60.00000000000001,accel,21.061813052460035,False
8228.682442819789,8.228682442819789,25.49173442527077,51.450896608061456,inf,inf,False,straight,-1,60.00000000000001,accel,23.088255767503185,False
8233.619835401727,8.233619835401727,25.49171592813788,51.4509412749304,inf,inf,False,straight,-1,60.00000000000001,accel,24.78125530220487,False
8238.765725216766,8.238765725216766,25.49169764863679,51.45098831430391,inf,inf,False,straight,-1,60.00000000000001,accel,26.3182102009729,False
8243.712246608631,8.24371224660863,25.491681022210823,51.45103396270829,inf,inf,False,straight,-1,60.00000000000001,accel,27.60022781773693,False
8248.630086078461,8.248630086078462,25.49166545759407,51.451079758751504,inf,inf,False,straight,-1,60.00000000000001,accel,28.74245257377032,False
8253.748516133928,8.253748516133928,25.491650257053784,51.451127820331045,inf,inf,False,straight,-1,60.00000000000001,cruise,29.36532868446487,False
8258.827557444007,8.258827557444008,25.49163601802112,51.45117582604506,inf,inf,False,straight,-1,60.00000000000001,accel,29.112824470450093,False
8263.583545916,8.263583545916001,25.49162353755916,51.451221074518905,inf,inf,False,straight,-1,60.00000000000001,cruise,29.36532868446487,False
8268.676032985823,8.268676032985823,25.49161172826944,51.45127001189478,110.0,111.9,False,turn,3,60.00000000000001,accel,29.086032354352387,True
8273.996685161646,8.273996685161647,25.4916007549844,51.451321518091945,110.0,111.9,False,turn,3,60.00000000000001,cruise,29.36532868446487,False
8279.27289451404,8.27927289451404,25.49159015985615,51.45137266709874,110.0,111.9,False,turn,3,60.00000000000001,accel,29.139896470024247,False
8284.517192791176,8.284517192791176,25.49157973108836,51.451423532327055,110.0,111.9,False,turn,3,60.00000000000001,cruise,29.36532868446487,False
8289.614610083689,8.289614610083689,25.491569156272327,51.45147286145562,110.0,111.9,False,turn,3,60.00000000000001,accel,29.160972904242985,False
8294.451551247259,8.29445155124726,25.491558443568398,51.45151948713871,110.0,111.9,False,turn,3,60.00000000000001,accel,29.02911081478843,False
8299.400863555842,8.299400863555842,25.491546989812797,51.45156705552362,110.0,111.9,False,turn,3,60.00000000000001,accel,29.03765086115993,False
8304.3012079037,8.3043012079037,25.491534877417667,51.45161391947498,110.0,111.9,False,turn,3,60.00000000000001,accel,29.03590654387344,False
8309.14848537975,8.30914848537975,25.491521879367152,51.451659942308495,110.0,111.9,False,turn,3,60.00000000000001,accel,29.022085094097264,False
8313.95441721624,8.313954417216241,25.491507638849395,51.45170508181465,110.0,111.9,False,turn,3,60.00000000000001,accel,28.99503476765368,False
8318.687302300727,8.318687302300727,25.49149176422944,51.45174877358686,110.0,111.9,False,turn,3,60.00000000000001,accel,28.94761425503871,False
8323.388700477579,8.32338870047758,25.49147350162844,51.45179097176688,110.0,111.9,False,turn,3,60.00000000000001,accel,28.873402209055083,False
8328.19543823145,8.32819543823145,25.491451694633863,51.45183229230316,inf,inf,False,straight,-1,60.00000000000001,accel,28.777227559237733,False
8333.089638477095,8.333089638477094,25.491425838942597,51.45187175275279,inf,inf,False,straight,-1,60.00000000000001,accel,28.65496973973874,False
8338.034886525505,8.338034886525506,25.491397267196547,51.45190953391657,63.7,37.6,False,turn,4,60.00000000000001,accel,28.57640331456307,True
8343.061776787217,8.343061776787216,25.49136651648583,51.451946290799405,63.7,37.6,False,turn,4,60.00000000000001,accel,28.52443562469512,False
8348.137372313597,8.348137372313596,25.491334305349117,51.45198218154397,63.7,37.6,False,turn,4,60.00000000000001,accel,28.48763246860645,False
8353.199918920767,8.353199918920767,25.491301398766915,51.45201711170904,63.7,37.6,False,turn,4,60.00000000000001,accel,28.460210696876963,False
8358.2466938447,8.3582466938447,25.49126804073267,51.45205128850538,63.7,37.6,False,turn,4,60.00000000000001,accel,28.437955648080436,False
8363.276492346527,8.363276492346527,25.49123439902405,51.45208487538133,63.7,37.6,False,turn,4,60.00000000000001,accel,28.419135435380763,False
8368.296386561515,8.368296386561514,25.491200538786646,51.4521180467278,63.7,37.6,False,turn,4,60.00000000000001,accel,28.40557646718896,False
8373.311888382112,8.373311888382112,25.49116650921402,51.45215094096383,63.7,37.6,False,turn,4,60.00000000000001,accel,28.39815738798144,False
8378.329484390186,8.378329484390186,25.49113233694472,51.45218368694515,63.7,37.6,False,turn,4,60.00000000000001,accel,28.398238323193063,False
8383.364322875415,8.383364322875416,25.49109797191461,51.45221644982383,63.7,37.6,False,turn,4,60.00000000000001,accel,28.41050931754633,False
8388.39903716301,8.38839903716301,25.491063597346614,51.45224919867171,63.7,37.6,False,turn,4,60.00000000000001,accel,28.43077709498797,False
8393.40228597304,8.393402285973039,25.49102948847397,51.452281807518496,63.7,37.6,False,turn,4,60.00000000000001,accel,28.45397103632007,False
8398.36835970227,8.39836835970227,25.490995734723565,51.45231430268731,inf,inf,False,straight,-1,60.00000000000001,accel,28.478975384050237,False
8403.290484601446,8.403290484601447,25.490962436605432,51.45234670699182,inf,inf,False,straight,-1,60.00000000000001,accel,28.5009281950366,False
8408.198216998706,8.408198216998706,25.490929445229423,51.45237927574466,121.0,135.4,False,turn,5,60.00000000000001,accel,28.52213116980989,True
8413.097784691157,8.413097784691157,25.490896796866448,51.452412141020574,121.0,135.4,False,turn,5,60.00000000000001,accel,28.54384440517384,False
8417.982466228597,8.417982466228597,25.490864645047555,51.45244537906776,121.0,135.4,False,turn,5,60.00000000000001,accel,28.56499291175469,False
8422.8854961033,8.4228854961033,25.49083291160144,51.45247936369959,121.0,135.4,False,turn,5,60.00000000000001,accel,28.58373875177682,False
8427.822899896371,8.427822899896372,25.4908016860206,51.45251439506654,121.0,135.4,False,turn,5,60.00000000000001,accel,28.597848697427096,False
8432.762830263215,8.432762830263215,25.490771440868265,51.452550489276994,121.0,135.4,False,turn,5,60.00000000000001,accel,28.604065360779934,False
8437.704324643633,8.437704324643633,25.490741985674767,51.4525873883872,121.0,135.4,False,turn,5,60.00000000000001,accel,28.622066323325846,False
8442.65868196179,8.44265868196179,25.49071310954262,51.45262500639808,121.0,135.4,False,turn,5,60.00000000000001,accel,28.64954223648998,False
8447.626624428569,8.447626624428569,25.490684713081304,51.452663239582485,121.0,135.4,False,turn,5,60.00000000000001,accel,28.684614574043486,False
8452.596338493404,8.452596338493404,25.49065681381081,51.45270193686167,121.0,135.4,False,turn,5,60.00000000000001,accel,28.725433445408896,False
8457.567907339442,8.457567907339442,25.490629402857333,51.45274107858817,121.0,135.4,False,turn,5,60.00000000000001,accel,28.77006821131684,False
8462.541404076354,8.462541404076353,25.4906025139467,51.45278068119035,121.0,135.4,False,turn,5,60.00000000000001,cruise,28.816716911964,False
8467.516818802234,8.467516818802235,25.49057616190596,51.45282074283704,121.0,135.4,False,turn,5,60.00000000000001,cruise,28.6445812259324,False
8472.494115118345,8.472494115118344,25.49055034475632,51.45286124773102,121.0,135.4,False,turn,5,60.00000000000001,cruise,28.47489523378691,False
8477.473247021953,8.477473247021953,25.490525060432635,51.45290218050168,inf,inf,False,straight,-1,60.00000000000001,accel,28.30668748442497,False
8482.45417398269,8.482454173982688,25.490500306166684,51.45294352590626,inf,inf,False,straight,-1,60.00000000000001,cruise,28.350215339592538,False
8487.436848751515,8.487436848751514,25.490476078829765,51.45298526894836,inf,inf,False,straight,-1,60.00000000000001,accel,28.18254971596659,False
8492.421226462908,8.492421226462907,25.49045237494971,51.45302739499149,inf,inf,False,straight,-1,60.00000000000001,accel,28.246585384026275,False
8497.407259623102,8.497407259623103,25.49042919052793,51.45306988957107,inf,inf,False,straight,-1,60.00000000000001,accel,28.31023302566907,False
8502.394900503788,8.502394900503788,25.490406521438597,51.4531127386873,inf,inf,False,straight,-1,60.00000000000001,cruise,28.350215339592538,False
8507.384101895483,8.507384101895482,25.4903843630259,51.45315592853982,inf,inf,False,straight,-1,60.00000000000001,accel,28.18572917200992,False
8512.374815294645,8.512374815294644,25.49036270757444,51.4531994439888,inf,inf,False,straight,-1,60.00000000000001,accel,28.25514916376321,False
8517.3665753977,8.5173665753977,25.490341533752343,51.45324325787824,inf,inf,False,straight,-1,60.00000000000001,accel,28.3258559848962,False
8522.359334858233,8.522359334858233,25.490320859716675,51.453287371611,inf,inf,False,straight,-1,60.00000000000001,cruise,28.350215339592538,False
8527.353458176207,8.527353458176206,25.490300745597857,51.453331813476375,inf,inf,False,straight,-1,60.00000000000001,accel,28.19201741068573,False
8532.34884793482,8.53234884793482,25.490281303513303,51.4533766307256,inf,inf,False,straight,-1,60.00000000000001,accel,28.26357047340588,False
8537.345167654166,8.537345167654166,25.4902623924422,51.45342173301383,inf,inf,False,straight,-1,60.00000000000001,accel,28.341409136450427,False
8542.342703337092,8.542342703337091,25.49024391204025,51.453467064652834,inf,inf,False,straight,-1,60.00000000000001,cruise,28.350215339592538,False
8547.3415043514,8.5473415043514,25.49022579869695,51.45351258944118,inf,inf,False,straight,-1,60.00000000000001,accel,28.2051706630247,False
8552.341263062837,8.552341263062837,25.49020802121578,51.45355828495203,inf,inf,False,straight,-1,60.00000000000001,accel,28.292495596603057,False
8557.342151440926,8.557342151440926,25.490190575386283,51.45360414747839,inf,inf,False,straight,-1,60.00000000000001,cruise,28.350215339592538,False
8562.344302995609,8.562344302995609,25.490173485878763,51.45365018607298,inf,inf,False,straight,-1,60.00000000000001,accel,28.204304753613243,False
8567.336970277172,8.567336970277172,25.49015684622047,51.4536963227236,174.1,280.5,False,turn,6,60.00000000000001,accel,28.289184328450933,True
8572.319683980946,8.572319683980947,25.490140751826196,51.453742587514085,174.1,280.5,False,turn,6,60.00000000000001,cruise,28.350215339592538,False
8577.300822834057,8.577300822834056,25.49012531449097,51.45378910652706,174.1,280.5,False,turn,6,60.00000000000001,accel,28.20391470183254,False
8582.2799594139,8.5822799594139,25.490110732054134,51.45383593800055,174.1,280.5,False,turn,6,60.00000000000001,accel,28.2860636037219,False
8587.25896601794,8.58725896601794,25.49009680966885,51.45388301122407,174.1,280.5,False,turn,6,60.00000000000001,accel,28.36433973036577,False
8592.248555725184,8.592248555725185,25.490083380586224,51.45393036828153,174.1,280.5,False,turn,6,60.00000000000001,accel,28.43762204741568,False
8597.248832776879,8.597248832776879,25.49007035068936,51.45397797146207,174.1,280.5,False,turn,6,60.00000000000001,accel,28.51346189978991,False
8602.251257276293,8.602251257276293,25.490057684646807,51.45402571589879,174.1,280.5,False,turn,6,60.00000000000001,accel,28.591145471243376,False
8607.255947639578,8.607255947639578,25.4900453065173,51.45407357530022,174.1,280.5,False,turn,6,60.00000000000001,accel,28.668938484932543,False
8612.260858713335,8.612260858713334,25.49003316209157,51.45412150957467,174.1,280.5,False,turn,6,60.00000000000001,accel,28.74557896589261,False
8617.266280355596,8.617266280355595,25.49002121142732,51.454169508167695,174.1,280.5,False,turn,6,60.00000000000001,accel,28.82161701148809,False
8622.272548156112,8.622272548156111,25.49000943096207,51.454217566501065,174.1,280.5,False,turn,6,60.00000000000001,accel,28.89814733685642,False
8627.280002788184,8.627280002788185,25.489997811726514,51.45426568464973,174.1,280.5,False,turn,6,60.00000000000001,accel,28.974331854266342,False
8632.288944469898,8.632288944469897,25.4899863587711,51.4543138664306,174.1,280.5,False,turn,6,60.00000000000001,accel,29.049773676937093,False
8637.299586434541,8.63729958643454,25.48997509176498,51.45436211883639,174.1,280.5,False,turn,6,60.00000000000001,accel,29.125221800650152,False
8642.312010863901,8.642312010863902,25.489964046813384,51.45441045177309,174.1,280.5,False,turn,6,60.00000000000001,accel,29.20067664026637,False
8647.385290005275,8.647385290005275,25.48995316419713,51.4544594525464,174.1,280.5,False,turn,6,60.00000000000001,accel,29.27648981036926,False
8652.44525633041,8.65244525633041,25.48994265768149,51.454508416807,174.1,280.5,False,turn,6,60.00000000000001,accel,29.35300265943597,False
8657.429192941929,8.65742919294193,25.489932750257974,51.45455675764208,174.1,280.5,False,turn,6,60.00000000000001,accel,29.42555257352969,False
8662.327072809021,8.66232707280902,25.489923602034,51.45460440541378,174.1,280.5,False,turn,6,60.00000000000001,accel,29.491866706639943,False
8667.231295851407,8.667231295851407,25.489915242343333,51.45465229287704,174.1,280.5,False,turn,6,60.00000000000001,accel,29.551143113265763,False
8672.123906777791,8.672123906777792,25.489907935846528,51.45470027184728,174.1,280.5,False,turn,6,60.00000000000001,accel,29.600315300864025,False
8676.60941031601,8.67660941031601,25.489902478798157,51.45474446620802,174.1,280.5,False,turn,6,60.00000000000001,accel,29.632877186214003,False
8681.70284545096,8.68170284545096,25.489898789851956,51.45479494914961,174.1,280.5,False,turn,6,60.00000000000001,accel,29.628988323816504,False
8687.241050182793,8.687241050182793,25.489896885924026,51.4548499779542,174.1,280.5,False,turn,6,60.00000000000001,accel,29.6520397045238,False
8692.594763178056,8.692594763178056,25.489895424092296,51.45490318786879,inf,inf,False,straight,-1,60.00000000000001,accel,29.726078086102103,False
8697.833703545324,8.697833703545324,25.48989397018892,51.45495525628515,inf,inf,False,straight,-1,60.00000000000001,accel,29.813735750634283,False
8702.730642083941,8.70273064208394,25.48989183341376,51.45500389173234,inf,inf,False,straight,-1,60.00000000000001,cruise,29.878214047383533,False
8707.444195651271,8.707444195651272,25.489888891715044,51.45505064847537,inf,inf,False,straight,-1,60.00000000000001,cruise,29.74554522467705,False
8712.46096971618,8.71246096971618,25.48988479973224,51.4551003283574,inf,inf,False,straight,-1,60.00000000000001,cruise,29.607584312400206,False
8717.472474676842,8.717472474676843,25.48988026250341,51.45514990863887,inf,inf,False,straight,-1,60.00000000000001,cruise,29.49395639723013,False
8722.59149839283,8.72259149839283,25.489875278923268,51.45520051240567,inf,inf,False,straight,-1,60.00000000000001,cruise,29.393000446046557,False
8727.762580528402,8.727762580528402,25.489870059996544,51.45525160831581,inf,inf,False,straight,-1,60.00000000000001,cruise,29.309892598185208,False
8732.942087972826,8.732942087972827,25.489864818906987,51.45530278578202,inf,inf,False,straight,-1,60.00000000000001,cruise,29.25073403003429,False
8738.145319331526,8.738145319331526,25.489859653936037,51.45535420998051,inf,inf,False,straight,-1,60.00000000000001,cruise,29.20586257621948,False
8743.1156126499,8.7431156126499,25.489855341773136,51.45540340295232,inf,inf,False,straight,-1,60.00000000000001,cruise,29.153222217595992,False
8747.844826678182,8.74784482667818,25.48985187324436,51.45545027209214,inf,inf,False,straight,-1,60.00000000000001,cruise,29.109582301223263,False
8752.789762631874,8.752789762631874,25.48984860590237,51.45549930982043,inf,inf,False,straight,-1,60.00000000000001,cruise,29.08557249815929,False
8757.764156987716,8.757764156987715,25.48984562777144,51.45554866345844,inf,inf,False,straight,-1,60.00000000000001,cruise,29.06250129651321,False
8762.727167655405,8.762727167655404,25.48984292548387,51.45559792295538,inf,inf,False,straight,-1,60.00000000000001,cruise,29.048741102512487,False
8767.79898858681,8.76779898858681,25.489840389739875,51.4556482768426,inf,inf,False,straight,-1,60.00000000000001,cruise,29.044548462776564,False
8772.925108511341,8.772925108511341,25.489838033183503,51.45569918191833,inf,inf,False,straight,-1,60.00000000000001,cruise,29.047052803736573,False
8777.949190852687,8.777949190852688,25.48983594926761,51.45574908576563,inf,inf,False,straight,-1,60.00000000000001,cruise,29.0566945212604,False
8782.944966697934,8.782944966697935,25.48983406277905,51.45579871743279,inf,inf,False,straight,-1,60.00000000000001,cruise,29.07381391136485,False
8787.962439766117,8.787962439766117,25.489832332148712,51.45584857189397,inf,inf,False,straight,-1,60.00000000000001,cruise,29.09994234368606,False
8792.985536186687,8.792985536186686,25.48983077289946,51.45589848916456,inf,inf,False,straight,-1,60.00000000000001,cruise,29.131106303776477,False
8797.987887236732,8.797987887236731,25.48982941977405,51.45594820735831,inf,inf,False,straight,-1,60.00000000000001,cruise,29.165074468767436,False
8802.98624567176,8.802986245671761,25.489828303021483,51.45599789296315,inf,inf,False,straight,-1,60.00000000000001,cruise,29.20082796821208,False
8807.962427724988,8.807962427724988,25.489827486994365,51.45604736511919,inf,inf,False,straight,-1,60.00000000000001,cruise,29.23564043124692,False
8812.90466408791,8.81290466408791,25.489827058772494,51.45609650564019,inf,inf,False,straight,-1,60.00000000000001,cruise,29.27001871634135,False
8817.852761044336,8.817852761044335,25.48982694363986,51.45614570653604,inf,inf,False,straight,-1,60.00000000000001,cruise,29.302735750030767,False
8822.849352887335,8.822849352887335,25.48982709365693,51.45619538952607,inf,inf,False,straight,-1,60.00000000000001,cruise,29.335228852900467,False
8827.871448353524,8.827871448353523,25.489827470646308,51.45624532465775,inf,inf,False,straight,-1,60.00000000000001,cruise,29.36594548179962,False
8832.894823290493,8.832894823290493,25.489828055051827,51.45629527009001,inf,inf,False,straight,-1,60.00000000000001,cruise,29.39440675682502,False
8838.04793853692,8.83804793853692,25.489828896948712,51.45634650134149,inf,inf,False,straight,-1,60.00000000000001,cruise,29.41964614203644,False
8843.161339203376,8.843161339203377,25.48982994439478,51.456397332993696,inf,inf,False,straight,-1,60.00000000000001,cruise,29.445522589613525,False
8848.12086803551,8.84812086803551,25.489831174703603,51.456446629099794,inf,inf,False,straight,-1,60.00000000000001,cruise,29.470660686556517,False
8853.030343199063,8.853030343199062,25.48983260584746,51.45649542066486,inf,inf,False,straight,-1,60.00000000000001,cruise,29.494362463525672,False
8858.032935959352,8.858032935959352,25.489834284954725,51.45654512920051,inf,inf,False,straight,-1,60.00000000000001,cruise,29.5185661635044,False
8863.00556086848,8.86300556086848,25.48983612775441,51.45659453246618,inf,inf,False,straight,-1,60.00000000000001,cruise,29.544627975021456,False
8867.928217635443,8.867928217635443,25.48983813198294,51.45664343074903,inf,inf,False,straight,-1,60.00000000000001,cruise,29.57068454125585,False
8873.005277377233,8.873005277377233,25.489840479522957,51.45669384786863,inf,inf,False,straight,-1,60.00000000000001,cruise,29.59190582655124,False
8878.089704475151,8.878089704475151,25.489843013821503,51.45674432738471,inf,inf,False,straight,-1,60.00000000000001,cruise,29.61479546808341,False
8883.075241451523,8.883075241451523,25.48984563125838,51.45679381681099,inf,inf,False,straight,-1,60.00000000000001,cruise,29.62803413913273,False
8888.027653369407,8.888027653369408,25.489848383997664,51.45684296733032,inf,inf,False,straight,-1,60.00000000000001,cruise,29.631707086458597,False
8893.021728835007,8.893021728835008,25.48985134602454,51.45689251826747,inf,inf,False,straight,-1,60.00000000000001,cruise,29.630328712773014,False
8897.991263057052,8.897991263057053,25.48985444173786,51.45694181468371,inf,inf,False,straight,-1,60.00000000000001,cruise,29.621166649808146,False
8903.081724628446,8.903081724628446,25.4898578763084,51.4569922897471,inf,inf,False,straight,-1,60.00000000000001,cruise,29.60205327607789,False
8908.152356200852,8.908152356200851,25.48986145968872,51.45704255447343,inf,inf,False,straight,-1,60.00000000000001,cruise,29.5778013515699,False
8913.161972233662,8.913161972233661,25.48986512473025,51.45709220337282,inf,inf,False,straight,-1,60.00000000000001,cruise,29.54182725379223,False
8918.203765121232,8.918203765121232,25.48986896914208,51.45714215691327,inf,inf,False,straight,-1,60.00000000000001,cruise,29.497212170382188,False
8923.251505401311,8.92325150540131,25.48987296785008,51.45719215512076,inf,inf,False,straight,-1,60.00000000000001,cruise,29.44275080174863,False
8928.207972282054,8.928207972282054,25.489877042613287,51.45724123458759,inf,inf,False,straight,-1,60.00000000000001,cruise,29.38169353137682,False
8933.169138106852,8.933169138106852,25.48988125383199,51.45729034700752,inf,inf,False,straight,-1,60.00000000000001,cruise,29.31329590110332,False
8938.16598182235,8.938165981822351,25.48988560724355,51.45733980081777,inf,inf,False,straight,-1,60.00000000000001,cruise,29.237076431852703,False
8943.152944003496,8.943152944003495,25.489890018876103,51.45738914963657,inf,inf,False,straight,-1,60.00000000000001,cruise,29.15881685975065,False
8948.147013516502,8.948147013516502,25.489894496071923,51.45743856231305,inf,inf,False,straight,-1,60.00000000000001,cruise,29.076632353576034,False
8953.16691551829,8.95316691551829,25.48989904144583,51.45748822560863,inf,inf,False,straight,-1,60.00000000000001,cruise,28.986709136556676,False
8958.163471570913,8.958163471570913,25.48990358267718,51.4575376560451,inf,inf,False,straight,-1,60.00000000000001,cruise,28.887252079296665,False
8963.166620657033,8.963166620657034,25.48990813629102,51.45758715099293,inf,inf,False,straight,-1,60.00000000000001,cruise,28.780759597274585,False
8968.149565268839,8.968149565268838,25.48991266098942,51.45763644723648,inf,inf,False,straight,-1,60.00000000000001,cruise,28.66639402320162,False
8973.119549930401,8.9731195499304,25.489917148228788,51.45768561812034,inf,inf,False,straight,-1,60.00000000000001,cruise,28.548444878672743,False
8978.089824634066,8.978089824634067,25.48992160258365,51.45773479553039,inf,inf,False,straight,-1,60.00000000000001,cruise,28.430243465191445,False
8983.072637724506,8.983072637724506,25.489926022398155,51.45778410200417,inf,inf,False,straight,-1,60.00000000000001,cruise,28.31031370922018,False
8988.001613189876,8.988001613189876,25.489930324357186,51.45783288330101,inf,inf,False,straight,-1,60.00000000000001,cruise,28.19077366374382,False
8992.957757696264,8.992957757696264,25.4899345707928,51.45788194188604,inf,inf,False,straight,-1,60.00000000000001,cruise,28.07134700753044,False
8997.946601991467,8.997946601991467,25.48993876598749,51.457931332397706,inf,inf,False,straight,-1,60.00000000000001,cruise,27.95313883333684,False
9002.918062497625,9.002918062497626,25.489942891525644,51.45798055644134,inf,inf,False,straight,-1,60.00000000000001,cruise,27.839003209334003,False
9007.887862244657,9.007887862244658,25.489946959543367,51.4580297697115,inf,inf,False,straight,-1,60.00000000000001,cruise,27.72989322349973,False
9012.852278576154,9.012852278576155,25.48995096359166,51.458078935602565,inf,inf,False,straight,-1,60.00000000000001,cruise,27.62625031056418,False
9017.817170547787,9.017817170547787,25.48995490131313,51.45812811274104,inf,inf,False,straight,-1,60.00000000000001,cruise,27.528462614432467,False
9022.784221341613,9.022784221341613,25.48995876124977,51.458177318907865,inf,inf,False,straight,-1,60.00000000000001,cruise,27.43690465760487,False
9027.752906070049,9.027752906070049,25.489962522096228,51.45822655068881,inf,inf,False,straight,-1,60.00000000000001,cruise,27.352338188573945,False
9032.723665209329,9.032723665209328,25.489966155349947,51.45827581478925,inf,inf,False,straight,-1,60.00000000000001,cruise,27.27035793469061,False
9037.711733342849,9.03771173334285,25.489969637716037,51.458325264739806,inf,inf,False,straight,-1,60.00000000000001,cruise,27.196409328338703,False
9042.763036205739,9.04276303620574,25.489972957516148,51.45837535871998,inf,inf,False,straight,-1,60.00000000000001,accel,27.130467061981378,False
9047.866056686118,9.047866056686118,25.48997600351659,51.45842598919491,inf,inf,False,straight,-1,60.00000000000001,accel,27.327797557298823,False
9052.943253606694,9.052943253606694,25.489978595446733,51.45847639315232,inf,inf,False,straight,-1,60.00000000000001,accel,27.54251904382457,False
9058.000187408357,9.058000187408357,25.489980606339174,51.45852662761043,inf,inf,False,straight,-1,60.00000000000001,accel,27.763121542319418,False
9062.92047718436,9.06292047718436,25.48998170250691,51.45857553726835,inf,inf,False,straight,-1,60.00000000000001,accel,27.97834884166185,False
9067.60118227118,9.067601182271181,25.48998150448469,51.458622079023975,inf,inf,False,straight,-1,60.00000000000001,accel,28.17815375242258,False
9072.179301588865,9.072179301588866,25.48997985932774,51.45866756515078,inf,inf,False,straight,-1,60.00000000000001,accel,28.366083754953127,False
9076.697120402678,9.076697120402677,25.48997642070897,51.45871232779646,inf,inf,False,straight,-1,60.00000000000001,accel,28.54474992361769,False
9081.273578565451,9.081273578565451,25.48997065636554,51.45875738831443,95.5,84.4,False,turn,7,60.00000000000001,accel,28.717495823011607,True
9085.867927339394,9.085867927339393,25.48996291468634,51.45880226890819,95.5,84.4,False,turn,7,60.00000000000001,accel,28.899541689731358,False
9090.471082932005,9.090471082932005,25.489953349797613,51.458846810908746,95.5,84.4,False,turn,7,60.00000000000001,accel,29.088160053479086,False
9095.300789779012,9.095300789779012,25.4899414644986,51.458893015750334,95.5,84.4,False,turn,7,60.00000000000001,accel,29.294292388240937,False
9100.081369336807,9.100081369336808,25.489928122044088,51.458938221970165,95.5,84.4,False,turn,7,60.00000000000001,accel,29.51073680828808,False
9104.559584584173,9.104559584584173,25.48991403289409,51.45897995869185,95.5,84.4,False,turn,7,60.00000000000001,accel,29.70559648694628,False
9108.65722912477,9.10865722912477,25.48989931059248,51.45901733688481,95.5,84.4,False,turn,7,60.00000000000001,accel,29.859260976959103,False
9112.756084569113,9.112756084569114,25.48988263497797,51.45905371948674,95.5,84.4,False,turn,7,60.00000000000001,accel,29.997697196361365,False
9116.760812558023,9.116760812558022,25.489864276479214,51.45908802310252,95.5,84.4,False,turn,7,60.00000000000001,accel,30.115641803408977,False
9120.979351279262,9.120979351279262,25.48984311006785,51.459122893034,95.5,84.4,False,turn,7,60.00000000000001,accel,30.24349584215862,False
9125.519365215245,9.125519365215245,25.4898188104985,51.459159244814096,95.5,84.4,False,turn,7,60.00000000000001,accel,30.389242889724063,False
9130.218691713206,9.130218691713205,25.48979240500661,51.45919581555523,95.5,84.4,False,turn,7,60.00000000000001,accel,30.537709056678967,False
9135.008331392753,9.135008331392754,25.4897642745554,51.45923198189537,95.5,84.4,False,turn,7,60.00000000000001,accel,30.67137816987641,False
9139.6636961122,9.1396636961122,25.489735645662023,51.45926586823465,95.5,84.4,False,turn,7,60.00000000000001,accel,30.773545433549565,False
9144.200033912932,9.144200033912933,25.489706576817333,51.45929763789727,95.5,84.4,False,turn,7,60.00000000000001,accel,30.85542708239344,False
9148.696394984625,9.148696394984626,25.4896767073326,51.45932790919301,95.5,84.4,False,turn,7,60.00000000000001,accel,30.92362252797231,False
9153.298662019988,9.153298662019989,25.489645178487272,51.45935770855496,95.5,84.4,False,turn,7,60.00000000000001,accel,30.98515779888455,False
9158.03071738459,9.158030717384591,25.48961188774677,51.45938719090009,95.5,84.4,False,turn,7,60.00000000000001,accel,31.04662990160635,False
9163.158176122695,9.163158176122696,25.489574788470502,51.459417676486,95.5,84.4,False,turn,7,60.00000000000001,accel,31.09762025081761,False
9168.287329519108,9.168287329519108,25.489537137853123,51.45944735952129,95.5,84.4,False,turn,7,60.00000000000001,accel,31.16605789544809,False
9173.3067840301,9.1733067840301,25.48949989026631,51.45947577847759,95.5,84.4,False,turn,7,60.00000000000001,accel,31.22640827600593,False
9178.351782965961,9.178351782965962,25.48946202990724,51.45950365698441,95.5,84.4,False,turn,7,60.00000000000001,accel,31.27315638828309,False
9183.394957085793,9.183394957085794,25.489423767529907,51.45953082788948,95.5,84.4,False,turn,7,60.00000000000001,accel,31.31261365546438,False
9188.220787758057,9.188220787758057,25.489386720485136,51.45955607146296,95.5,84.4,False,turn,7,60.00000000000001,accel,31.3389731446926,False
9193.120480960913,9.193120480960914,25.489348688047112,51.459580940983216,95.5,84.4,False,turn,7,60.00000000000001,accel,31.365804236535475,False
9198.164465607899,9.1981644656079,25.48930915796265,51.45960582882525,95.5,84.4,False,turn,7,60.00000000000001,accel,31.376867361590826,False
9203.189767005028,9.203189767005027,25.48926956665569,51.459630219941886,95.5,84.4,False,turn,7,60.00000000000001,accel,31.384594615769533,False
9208.192097561589,9.208192097561588,25.489230004623764,51.4596541983448,95.5,84.4,False,turn,7,60.00000000000001,accel,31.380260695045653,False
9213.110657087944,9.213110657087944,25.48919101617093,51.45967759625298,95.5,84.4,False,turn,7,60.00000000000001,accel,31.358389726511778,False
9217.949631978536,9.217949631978536,25.489152584431512,51.45970046503508,95.5,84.4,False,turn,7,60.00000000000001,accel,31.32908260312528,False
9222.819697082723,9.222819697082723,25.489113832564144,51.459723330842586,95.5,84.4,False,turn,7,60.00000000000001,accel,31.282333197448065,False
9227.66883560595,9.22766883560595,25.48907516603497,51.45974593066953,inf,inf,False,straight,-1,60.00000000000001,accel,31.2199532578158,False
9232.516928193729,9.232516928193728,25.489036414612634,51.459768330996994,inf,inf,False,straight,-1,60.00000000000001,accel,31.143327741576535,False
9237.363371382611,9.237363371382612,25.488997563188867,51.45979048449197,inf,inf,False,straight,-1,60.00000000000001,accel,31.055024191859445,False
9242.17871568901,9.24217871568901,25.48895881500848,51.45981218219842,inf,inf,False,straight,-1,60.00000000000001,accel,30.958223769243084,False
9247.233792587416,9.247233792587416,25.488917958447363,51.45983456736902,inf,inf,False,straight,-1,60.00000000000001,accel,30.84714590951257,False
9252.38312674189,9.25238312674189,25.48887603301935,51.45985667688652,inf,inf,False,straight,-1,60.00000000000001,accel,30.717525964854072,False
9257.554271417599,9.257554271417598,25.488833487563664,51.45987783193543,inf,inf,False,straight,-1,60.00000000000001,accel,30.559566907831364,False
9262.764460354842,9.262764460354841,25.48879001994492,51.45989761497136,inf,inf,False,straight,-1,60.00000000000001,accel,30.37328879476204,False
9267.564658474488,9.267564658474488,25.48874895396402,51.45991284397698,inf,inf,False,straight,-1,60.00000000000001,accel,30.16677959709618,False
9271.992353125288,9.271992353125288,25.48871021876433,51.45992369511263,inf,inf,False,straight,-1,60.00000000000001,accel,29.96463192550344,False
9276.754038720177,9.276754038720178,25.488667993138737,51.4599325446044,inf,inf,False,straight,-1,60.00000000000001,accel,29.79346404240485,False
9281.52398757797,9.28152398757797,25.48862528116952,51.45993854271224,inf,inf,False,straight,-1,60.00000000000001,accel,29.631343881785632,False
9286.30778653376,9.28630778653376,25.48858219981228,51.45994179949001,inf,inf,False,straight,-1,60.00000000000001,accel,29.472294104959182,False
9291.175789473129,9.29117578947313,25.488538259177577,51.45994227857902,82.4,62.9,False,turn,8,60.00000000000001,accel,29.31367899643609,True
9296.059423512414,9.296059423512414,25.48849423988879,51.459939650701386,82.4,62.9,False,turn,8,60.00000000000001,accel,29.167953409140413,False
9300.866612670934,9.300866612670934,25.488451226913643,51.45993333163451,82.4,62.9,False,turn,8,60.00000000000001,accel,29.04110703270535,False
9305.727692927638,9.305727692927638,25.48840823731353,51.459923642184826,82.4,62.9,False,turn,8,60.00000000000001,accel,28.925480688306397,False
9310.680193816284,9.310680193816284,25.488364973327016,51.45991123764252,82.4,62.9,False,turn,8,60.00000000000001,accel,28.8210723766299,False
9315.570340517661,9.315570340517661,25.48832276978136,51.459896984040434,82.4,62.9,False,turn,8,60.00000000000001,accel,28.72613124785672,False
9320.4889300893,9.320488930089299,25.48828086209556,51.459880830261945,82.4,62.9,False,turn,8,60.00000000000001,accel,28.62556950138302,False
9325.511495232551,9.32551149523255,25.48823864874563,51.45986261096947,82.4,62.9,False,turn,8,60.00000000000001,accel,28.51727515355852,False
9330.458912772974,9.330458912772974,25.48819768018627,51.45984302769208,82.4,62.9,False,turn,8,60.00000000000001,accel,28.40462240290848,False
9335.376082801416,9.335376082801416,25.488157496733745,51.45982225964168,82.4,62.9,False,turn,8,60.00000000000001,accel,28.30541532217797,False
9340.432979173003,9.340432979173004,25.4881166711718,51.4597997654793,82.4,62.9,False,turn,8,60.00000000000001,accel,28.212027637093744,False
9345.594485308651,9.34559448530865,25.488075400001765,51.45977594770066,82.4,62.9,False,turn,8,60.00000000000001,accel,28.12555557518818,False
9350.716650071523,9.350716650071522,25.48803473800606,51.45975170213088,82.4,62.9,False,turn,8,60.00000000000001,accel,28.044638866914397,False
9355.744729183847,9.355744729183847,25.48799506258471,51.45972742050425,82.4,62.9,False,turn,8,60.00000000000001,accel,27.96459169092701,False
9360.78451246236,9.36078451246236,25.487955495553,51.45970268854335,82.4,62.9,False,turn,8,60.00000000000001,accel,27.88319032259797,False
9365.822755658774,9.365822755658774,25.48791611550607,51.4596776276737,82.4,62.9,False,turn,8,60.00000000000001,accel,27.802717101901976,False
9370.752899678695,9.370752899678696,25.487877752107803,51.4596527799622,82.4,62.9,False,turn,8,60.00000000000001,accel,27.72535903708777,False
9375.662605222502,9.375662605222502,25.48783971378336,51.45962772681066,82.4,62.9,False,turn,8,60.00000000000001,accel,27.652712861277493,False
9380.713649484765,9.380713649484765,25.48780074800543,51.45960164618959,82.4,62.9,False,turn,8,60.00000000000001,accel,27.58353342226437,False
9385.748099436281,9.385748099436281,25.48776204254528,51.45957541290678,82.4,62.9,False,turn,8,60.00000000000001,accel,27.52275081980927,False
9390.710789858911,9.390710789858911,25.48772401015208,51.4595493375064,82.4,62.9,False,turn,8,60.00000000000001,accel,27.470353429129663,False
9395.660078030538,9.395660078030538,25.487686200925825,51.45952312054497,82.4,62.9,False,turn,8,60.00000000000001,accel,27.426435286198508,False
9400.693209396766,9.400693209396767,25.487647878851355,51.45949623736405,inf,inf,False,straight,-1,60.00000000000001,accel,27.39036096891593,False
9405.715491415223,9.405715491415224,25.48760977078286,51.45946918619431,inf,inf,False,straight,-1,60.00000000000001,accel,27.362538842444227,False
9410.609820087755,9.410609820087755,25.487572785580724,51.45944256621506,inf,inf,False,straight,-1,60.00000000000001,accel,27.342716189176084,False
9415.582197345802,9.415582197345802,25.48753537832277,51.459415241041135,inf,inf,False,straight,-1,60.00000000000001,accel,27.32662820272524,False
9420.626112895978,9.420626112895977,25.4874975998114,51.45938724742816,inf,inf,False,straight,-1,60.00000000000001,accel,27.32006109266703,False
9425.643065817712,9.425643065817713,25.48746018744693,51.45935913644673,inf,inf,False,straight,-1,60.00000000000001,accel,27.32425183205532,False
9430.689700958339,9.43068970095834,25.48742275354809,51.459330539147146,inf,inf,False,straight,-1,60.00000000000001,accel,27.33605031739189,False
9435.831924440696,9.435831924440695,25.48738486194885,51.45930100497949,inf,inf,False,straight,-1,60.00000000000001,accel,27.360858337457422,False
9440.97857981459,9.440978579814589,25.487347241728934,51.45927097764761,inf,inf,False,straight,-1,60.00000000000001,accel,27.392078774481167,False
9446.077890846243,9.446077890846244,25.48731035878528,51.45924064071211,inf,inf,False,straight,-1,60.00000000000001,accel,27.427132523272505,False
9451.205340116623,9.451205340116623,25.48727375685412,51.459209434335634,inf,inf,False,straight,-1,60.00000000000001,accel,27.464627177386134,False
9456.282405828748,9.456282405828748,25.48723820456412,51.45917757682398,inf,inf,False,straight,-1,60.00000000000001,accel,27.49614063493553,False
9461.27566204574,9.46127566204574,25.48720420458457,51.459144981430704,inf,inf,False,straight,-1,60.00000000000001,accel,27.5159662983452,False
9466.275064536425,9.466275064536426,25.4871714883902,51.45911074026083,inf,inf,False,straight,-1,60.00000000000001,accel,27.519914676928853,False
9471.287631678319,9.471287631678319,25.487140568588394,51.45907435073046,inf,inf,False,straight,-1,60.00000000000001,accel,27.502324807373025,False
9476.239638667079,9.47623963866708,25.48711181925233,51.45903664557808,inf,inf,False,straight,-1,60.00000000000001,accel,27.48686580527644,False
9481.22573441821,9.48122573441821,25.48708468900241,51.45899708608123,inf,inf,False,straight,-1,60.00000000000001,accel,27.468545558550865,False
9486.325976692093,9.486325976692093,25.48705887449892,51.45895509425267,inf,inf,False,straight,-1,60.00000000000001,accel,27.443126351579192,False
9491.430495127777,9.491430495127778,25.48703527731956,51.45891149873907,inf,inf,False,straight,-1,60.00000000000001,accel,27.397599453740643,False
9496.538339794697,9.496538339794697,25.487014356587288,51.458866238358056,75.9,53.2,False,turn,9,60.00000000000001,accel,27.32827350333271,True
9501.647677861778,9.501647677861778,25.486996446379948,51.458819421081714,75.9,53.2,False,turn,9,60.00000000000001,accel,27.240688677175505,False
9506.755985873402,9.506755985873403,25.48698168940291,51.45877129827837,75.9,53.2,False,turn,9,60.00000000000001,accel,27.14186621137237,False
9511.860651031693,9.511860651031693,25.486969574614317,51.45872232607739,75.9,53.2,False,turn,9,60.00000000000001,accel,27.05227419018179,False
9517.066506544921,9.517066506544921,25.48695950724917,51.4586717638446,75.9,53.2,False,turn,9,60.00000000000001,accel,26.96605302880453,False
9522.196250473404,9.522196250473403,25.48695161225083,51.458621503439325,75.9,53.2,False,turn,9,60.00000000000001,accel,26.880600093169324,False
9527.261421235615,9.527261421235615,25.486945944353288,51.45857152673765,75.9,53.2,False,turn,9,60.00000000000001,accel,26.784850543801912,False
9532.389782898963,9.532389782898964,25.486942649291663,51.45852066256855,75.9,53.2,False,turn,9,60.00000000000001,accel,26.67346869534969,False
9537.450693986695,9.537450693986695,25.4869421780312,51.4584703424273,75.9,53.2,False,turn,9,60.00000000000001,accel,26.54729844211904,False
9542.448863395846,9.542448863395846,25.48694383286573,51.45842067691686,75.9,53.2,False,turn,9,60.00000000000001,accel,26.436171865752232,False
9547.59354702183,9.54759354702183,25.486947257410115,51.458369660386005,75.9,53.2,False,turn,9,60.00000000000001,accel,26.33317190480852,False
9552.71630251045,9.552716302510449,25.48695183249684,51.45831897253791,75.9,53.2,False,turn,9,60.00000000000001,accel,26.245961046981787,False
9557.771268456481,9.55777126845648,25.486957210338744,51.4582690591394,75.9,53.2,False,turn,9,60.00000000000001,accel,26.167319252358165,False
9562.913421986432,9.562913421986432,25.48696345357032,51.45821839309735,75.9,53.2,False,turn,9,60.00000000000001,accel,26.090913614060245,False
9568.046147298412,9.568046147298412,25.48697021276194,51.45816790221254,75.9,53.2,False,turn,9,60.00000000000001,accel,26.02192656704004,False
9573.160597299151,9.57316059729915,25.48697734983473,51.45811765838667,75.9,53.2,False,turn,9,60.00000000000001,accel,25.95684539019988,False
9578.287203104735,9.578287203104736,25.48698483350716,51.45806735330213,75.9,53.2,False,turn,9,60.00000000000001,accel,25.89472346514467,False
9583.417943183771,9.583417943183772,25.486992602815302,51.45801705908893,75.9,53.2,False,turn,9,60.00000000000001,accel,25.835068657698848,False
9588.511132380385,9.588511132380384,25.48700057248792,51.45796718201201,75.9,53.2,False,turn,9,60.00000000000001,accel,25.776620903940877,False
9593.559257863966,9.593559257863966,25.487008713043547,51.457917793780105,75.9,53.2,False,turn,9,60.00000000000001,accel,25.72093880709956,False
9598.545863935115,9.598545863935115,25.487017007191525,51.45786905880342,75.9,53.2,False,turn,9,60.00000000000001,accel,25.667840466359955,False
9603.378155369406,9.603378155369406,25.487025349098413,51.45782189607068,75.9,53.2,False,turn,9,60.00000000000001,accel,25.618420408554947,False
9608.279997235708,9.608279997235709,25.487034184512293,51.45777413651821,inf,inf,False,straight,-1,60.00000000000001,accel,25.57044418893647,False
9613.314291708004,9.613314291708004,25.48704360760212,51.45772516635314,inf,inf,False,straight,-1,60.00000000000001,accel,25.52398075555896,False
9618.34493865602,9.618344938656021,25.487053127567457,51.45767625602124,inf,inf,False,straight,-1,60.00000000000001,accel,25.497050597925263,False
9623.370773467757,9.623370773467757,25.487062676710423,51.45762740153599,inf,inf,False,straight,-1,60.00000000000001,accel,25.48111406411587,False
9628.313501358432,9.628313501358432,25.487071938878422,51.45757932451404,inf,inf,False,straight,-1,60.00000000000001,accel,25.473220093032342,False
9633.161496593417,9.633161496593416,25.48708086567208,51.45753213237378,inf,inf,False,straight,-1,60.00000000000001,accel,25.48076558040851,False
9638.093495720628,9.638093495720629,25.48708985870746,51.457484102313884,inf,inf,False,straight,-1,60.00000000000001,accel,25.49488265480742,False
9643.028296545925,9.643028296545925,25.487098778929447,51.45743602734643,inf,inf,False,straight,-1,60.00000000000001,accel,25.52003845217456,False
9647.96715398806,9.647967153988061,25.487107645453477,51.45738789916766,inf,inf,False,straight,-1,60.00000000000001,accel,25.55457657652636,False
9652.91122526598,9.65291122526598,25.487116472281507,51.45733970924668,inf,inf,False,straight,-1,60.00000000000001,accel,25.596713229004216,False
9657.867022853308,9.657867022853308,25.487125279400026,51.457291396017375,inf,inf,False,straight,-1,60.00000000000001,accel,25.647490464061185,False
9662.835259605787,9.662835259605787,25.487134073041343,51.457242953666565,inf,inf,False,straight,-1,60.00000000000001,accel,25.706530822940856,False
9667.811254612248,9.667811254612248,25.48714284694718,51.45719442831251,inf,inf,False,straight,-1,60.00000000000001,accel,25.77298617798928,False
9672.795699725533,9.672795699725533,25.48715160168724,51.45714581309529,inf,inf,False,straight,-1,60.00000000000001,accel,25.847712103637047,False
9677.789205054185,9.677789205054186,25.487160334847065,51.45709710133576,inf,inf,False,straight,-1,60.00000000000001,accel,25.93153726390851,False
9682.78633121659,9.68278633121659,25.487169029811625,51.45704834459404,inf,inf,False,straight,-1,60.00000000000001,accel,26.018471436107085,False
9687.785899072824,9.687785899072823,25.48717767428546,51.45699955222263,inf,inf,False,straight,-1,60.00000000000001,accel,26.115182648915084,False
9692.793592867009,9.692793592867009,25.487186264177552,51.45695066585423,inf,inf,False,straight,-1,60.00000000000001,accel,26.22927236239277,False
9697.80929807102,9.697809298071022,25.487194778685005,51.45690168237613,inf,inf,False,straight,-1,60.00000000000001,accel,26.354292352289157,False
9702.83294142012,9.70283294142012,25.48720318945042,51.45685259682698,inf,inf,False,straight,-1,60.00000000000001,accel,26.494869928013,False
9707.743660453318,9.707743660453318,25.487211229574747,51.45680457732957,inf,inf,False,straight,-1,60.00000000000001,accel,26.639329460050902,False
9712.677899603385,9.712677899603385,25.48721910745362,51.45675628757836,inf,inf,False,straight,-1,60.00000000000001,accel,26.78137286070339,False
9717.729469221329,9.717729469221329,25.48722694755389,51.456706805634994,inf,inf,False,straight,-1,60.00000000000001,accel,26.933945931584947,False
9722.774558428504,9.722774558428505,25.487234616764205,51.45665735657608,inf,inf,False,straight,-1,60.00000000000001,cruise,26.93838486753807,False
9727.81873302528,9.72781873302528,25.48724211812796,51.45660788550632,inf,inf,False,straight,-1,60.00000000000001,accel,26.84954531469381,False
9732.95144799118,9.73295144799118,25.48724953417352,51.45655750673065,inf,inf,False,straight,-1,60.00000000000001,cruise,26.93838486753807,False
9738.063978490574,9.738063978490574,25.487256710839446,51.45650728906984,inf,inf,False,straight,-1,60.00000000000001,accel,26.860008495305788,False
9743.100974209585,9.743100974209584,25.487263557034208,51.45645777506008,inf,inf,False,straight,-1,60.00000000000001,cruise,26.93838486753807,False
9748.09067970778,9.748090679707781,25.48727011079388,51.456408688295966,inf,inf,False,straight,-1,60.00000000000001,accel,26.861619381526456,False
9753.052671246789,9.753052671246788,25.48727637455641,51.45635983390329,inf,inf,False,straight,-1,60.00000000000001,cruise,26.93838486753807,False
9757.960656679084,9.757960656679085,25.48728225690776,51.45631146376419,inf,inf,False,straight,-1,60.00000000000001,accel,26.85514745432484,False
9762.737406877217,9.762737406877218,25.4872875531678,51.456264326134566,inf,inf,False,straight,-1,60.00000000000001,cruise,26.93838486753807,False
9767.457602189195,9.767457602189195,25.48729231228617,51.45621768488779,inf,inf,False,straight,-1,60.00000000000001,accel,26.846947160702676,False
9772.150472701212,9.772150472701213,25.48729648652829,51.45617124874992,inf,inf,False,straight,-1,60.00000000000001,cruise,26.93838486753807,False
9776.741589540277,9.776741589540277,25.48729985126941,51.45612574800527,inf,inf,False,straight,-1,60.00000000000001,accel,26.83207409488191,False
9781.184183086945,9.781184183086946,25.487302181592685,51.45608164802822,inf,inf,False,straight,-1,60.00000000000001,cruise,26.93838486753807,False
9785.506141548749,9.78550614154875,25.487303305026497,51.45603869075487,inf,inf,False,straight,-1,60.00000000000001,accel,26.811298341810943,False
9789.698656484192,9.789698656484191,25.48730295953712,51.4559970045102,inf,inf,False,straight,-1,60.00000000000001,cruise,26.88800491866988,False
9793.723111781268,9.793723111781269,25.487300794334267,51.455957058756944,inf,inf,False,straight,-1,60.00000000000001,cruise,26.731080725929058,False
9797.725201364805,9.797725201364806,25.487296755474443,51.45591751373136,inf,inf,False,straight,-1,60.00000000000001,cruise,26.567646781408527,False
9801.846376717574,9.801846376717574,25.487290558326208,51.45587710769504,inf,inf,False,straight,-1,60.00000000000001,cruise,26.39346527135922,False
9806.230839833353,9.806230839833354,25.48728168736596,51.455834620310185,inf,inf,False,straight,-1,60.00000000000001,cruise,26.20416078189863,False
9810.656564661847,9.810656564661848,25.48727022857114,51.45579246246624,inf,inf,False,straight,-1,60.00000000000001,cruise,26.002657270892595,False
9815.044013713985,9.815044013713985,25.487255675963496,51.45575188803154,79.1,57.9,False,turn,10,60.00000000000001,cruise,26.002657270892595,True
9819.61123077827,9.81961123077827,25.48723648190836,51.45571169613975,79.1,57.9,False,turn,10,60.00000000000001,cruise,25.77435000951165,False
9824.206951480039,9.824206951480038,25.48721239159464,51.45567449322922,79.1,57.9,False,turn,10,60.00000000000001,cruise,25.50905299206071,False
9828.730025087581,9.828730025087582,25.48718523714875,51.45564090704461,79.1,57.9,False,turn,10,60.00000000000001,cruise,25.207958284771497,False
9833.36048366796,9.83336048366796,25.48715497946119,51.4556091417072,79.1,57.9,False,turn,10,60.00000000000001,cruise,24.950176268369063,False
9838.079459546097,9.838079459546098,25.48712243682673,51.45557886388776,79.1,57.9,False,turn,10,60.00000000000001,cruise,24.723277760742548,False
9842.681610181768,9.842681610181767,25.48708941915972,51.455551091747466,79.1,57.9,False,turn,10,60.00000000000001,cruise,24.5226478491916,False
9847.408127309247,9.847408127309247,25.487054556239222,51.45552399903073,79.1,57.9,False,turn,10,60.00000000000001,cruise,24.340864928722205,False
9852.197416110546,9.852197416110545,25.487018561982275,51.45549762092082,79.1,57.9,False,turn,10,60.00000000000001,cruise,24.170858794481347,False
9856.980792533062,9.856980792533063,25.48698212999681,51.455472091706206,79.1,57.9,False,turn,10,60.00000000000001,cruise,24.013310371059934,False
9861.84833634045,9.86184833634045,25.48694468065289,51.455446776671984,79.1,57.9,False,turn,10,60.00000000000001,cruise,23.86623785252704,False
9866.754476294811,9.866754476294812,25.4869066656028,51.45542174973117,79.1,57.9,False,turn,10,60.00000000000001,cruise,23.72479500940341,False
9871.655370494182,9.871655370494182,25.48686849858804,51.45539710802003,79.1,57.9,False,turn,10,60.00000000000001,cruise,23.589631203725087,False
9876.541237053165,9.876541237053164,25.486830303813708,51.455372816034505,79.1,57.9,False,turn,10,60.00000000000001,cruise,23.459333367030567,False
9881.438615740926,9.881438615740926,25.486791901797517,51.45534869188204,79.1,57.9,False,turn,10,60.00000000000001,cruise,23.333297325202405,False
9886.361671512443,9.886361671512443,25.48675320134816,51.45532462974724,79.1,57.9,False,turn,10,60.00000000000001,cruise,23.210122701048167,False
9891.34265682194,9.89134265682194,25.48671395852485,51.45530045501793,79.1,57.9,False,turn,10,60.00000000000001,cruise,23.089179800798053,False
9896.306878113488,9.896306878113489,25.486674781585968,51.45527649249306,79.1,57.9,False,turn,10,60.00000000000001,cruise,22.97070897694231,False
9901.23773454063,9.90123773454063,25.48663581316007,51.45525280005595,79.1,57.9,False,turn,10,60.00000000000001,cruise,22.85793809674829,False
9906.196397481559,9.906196397481558,25.48659658085147,51.45522906229231,79.1,57.9,False,turn,10,60.00000000000001,cruise,22.751422896369185,False
9911.139870562383,9.911139870562383,25.486557427749155,51.45520547960038,79.1,57.9,False,turn,10,60.00000000000001,cruise,22.650241530914496,False
9916.03896224497,9.916038962244969,25.486518585506936,51.45518219070128,79.1,57.9,False,turn,10,60.00000000000001,accel,22.55531590513349,False
9920.94696431331,9.92094696431331,25.48647963289493,51.455158940016176,79.1,57.9,False,turn,10,60.00000000000001,accel,22.822785588444845,False
9925.924175182581,9.925924175182582,25.48644009023006,51.4551354445429,79.1,57.9,False,turn,10,60.00000000000001,accel,23.090934977711097,False
9930.93371718431,9.930933717184312,25.486400261441112,51.455111856300114,79.1,57.9,False,turn,10,60.00000000000001,accel,23.362379388328694,False
9935.931051241607,9.935931051241607,25.486360510584237,51.45508836477254,inf,inf,False,straight,-1,60.00000000000001,accel,23.632129902166096,False
9940.914219333468,9.940914219333468,25.486320855761587,51.45506497404997,inf,inf,False,straight,-1,60.00000000000001,accel,23.903147288745437,False
9945.934149236133,9.945934149236132,25.486280888090285,51.45504145259078,inf,inf,False,straight,-1,60.00000000000001,accel,24.174314208375023,False
9950.950405500944,9.950950405500944,25.48624093706225,51.45501797435317,inf,inf,False,straight,-1,60.00000000000001,accel,24.448849784245425,False
9955.947019757657,9.955947019757657,25.48620113275728,51.454994608112266,inf,inf,False,straight,-1,60.00000000000001,accel,24.732906239261037,False
9960.958365726025,9.960958365726025,25.48616119977005,51.45497119640496,inf,inf,False,straight,-1,60.00000000000001,accel,25.02054879925552,False
9965.977544019988,9.965977544019989,25.48612119583907,51.45494776577336,inf,inf,False,straight,-1,60.00000000000001,accel,25.31364971849497,False
9970.997932988868,9.970997932988869,25.486081175903863,51.45492434265993,inf,inf,False,straight,-1,60.00000000000001,accel,25.612693201370448,False
9976.012615459851,9.976012615459851,25.486041196724653,51.454900955986105,inf,inf,False,straight,-1,60.00000000000001,accel,25.916462495385854,False
9981.019450514623,9.981019450514623,25.48600127609189,51.45487761424296,inf,inf,False,straight,-1,60.00000000000001,accel,26.225094725965494,False
9986.028752995393,9.986028752995393,25.48596133136104,51.45485427018135,inf,inf,False,straight,-1,60.00000000000001,accel,26.536952651489194,False
9991.04520473742,9.99104520473742,25.485921325028126,51.45483090234205,inf,inf,False,straight,-1,60.00000000000001,accel,26.850394464856144,False
9996.063166068905,9.996063166068906,25.48588130234013,51.4548075364389,inf,inf,False,straight,-1,60.00000000000001,accel,27.16303590909036,False
10001.067935889021,10.00106793588902,25.48584138080645,51.45478424040088,inf,inf,False,straight,-1,60.00000000000001,accel,27.471444699195416,False
10006.059244951655,10.006059244951656,25.48580156250269,51.45476101563515,inf,inf,False,straight,-1,60.00000000000001,accel,27.7719932094506,False
10011.061509231578,10.011061509231578,25.485761651813792,51.45473775027728,inf,inf,False,straight,-1,60.00000000000001,accel,28.061744138399863,False
10016.062894106877,10.016062894106877,25.48572174548433,51.45471449454072,inf,inf,False,straight,-1,60.00000000000001,accel,28.339689443934777,False
10021.073755889403,10.021073755889404,25.485681760389514,51.45469120129486,inf,inf,False,straight,-1,60.00000000000001,accel,28.602944304960378,False
10026.089625060818,10.026089625060818,25.48564173314678,51.45466788933512,inf,inf,False,straight,-1,60.00000000000001,accel,28.84861815820329,False
10031.094927866612,10.031094927866611,25.485601791644317,51.45464462352712,inf,inf,False,straight,-1,60.00000000000001,accel,29.074949847329982,False
10036.099559604043,10.036099559604043,25.485561856862912,51.45462135799303,inf,inf,False,straight,-1,60.00000000000001,cruise,29.279598023147592,False
10041.101431827943,10.041101431827943,25.48552194653727,51.454598100214405,inf,inf,False,straight,-1,60.00000000000001,cruise,29.24760892139508,False
10046.105904998427,10.046105904998427,25.48548201859659,51.45457482380895,inf,inf,False,straight,-1,60.00000000000001,cruise,29.19592110765481,False
10051.118700221634,10.051118700221634,25.48544202829717,51.45455150029306,inf,inf,False,straight,-1,60.00000000000001,cruise,29.123805261213548,False
10056.123010221781,10.056123010221782,25.485402111631945,51.4545282038991,inf,inf,False,straight,-1,60.00000000000001,cruise,29.032794283123955,False
10061.118043905271,10.061118043905271,25.48536227547188,51.45450493715302,inf,inf,False,straight,-1,60.00000000000001,cruise,28.92557284465019,False
10066.125803150677,10.066125803150676,25.48532234382816,51.45448159866119,inf,inf,False,straight,-1,60.00000000000001,cruise,28.80340122533637,False
10071.131476840388,10.071131476840389,25.485282435427123,51.45445825616602,inf,inf,False,straight,-1,60.00000000000001,cruise,28.6680587815218,False
10076.129739246557,10.076129739246557,25.48524259354965,51.45443493281143,inf,inf,False,straight,-1,60.00000000000001,cruise,28.52102325906285,False
10081.142445714673,10.081142445714674,25.485202644145115,51.45441152629256,inf,inf,False,straight,-1,60.00000000000001,cruise,28.36356233698837,False
10086.16096903618,10.08616096903618,25.485162657305477,51.45438807414229,inf,inf,False,straight,-1,60.00000000000001,cruise,28.19672470037678,False
10091.161302271308,10.091161302271308,25.48512282726956,51.454364682459904,inf,inf,False,straight,-1,60.00000000000001,cruise,28.02312191640676,False
10096.177362354661,10.096177362354661,25.48508288043484,51.45434119970931,inf,inf,False,straight,-1,60.00000000000001,cruise,27.8464605273076,False
10101.179135908675,10.101179135908675,25.48504306032026,51.45431775714046,inf,inf,False,straight,-1,60.00000000000001,cruise,27.666204821929576,False
10106.158169979333,10.106158169979333,25.485003434540648,51.45429439375347,inf,inf,False,straight,-1,60.00000000000001,cruise,27.48950286822552,False
10111.163623255816,10.111163623255816,25.484963607897,51.454270887075936,inf,inf,False,straight,-1,60.00000000000001,cruise,27.316751661602375,False
10116.175423787909,10.116175423787908,25.48492374011238,51.4542473313542,inf,inf,False,straight,-1,60.00000000000001,cruise,27.14250864016524,False
10121.168459138318,10.121168459138318,25.484884032220783,51.45422384203297,inf,inf,False,straight,-1,60.00000000000001,cruise,26.980087319235484,False
10126.160919851922,10.126160919851921,25.48484433778105,51.45420033720558,inf,inf,False,straight,-1,60.00000000000001,cruise,26.82156478684056,False
10131.160603308615,10.131160603308615,25.48480459453544,51.45417678071541,inf,inf,False,straight,-1,60.00000000000001,cruise,26.67089036210584,False
10136.161483343303,10.136161483343303,25.484764851214617,51.4541531992795,inf,inf,False,straight,-1,60.00000000000001,cruise,26.52674302270101,False
10141.156968212486,10.141156968212487,25.48472516189718,51.4541296205446,inf,inf,False,straight,-1,60.00000000000001,cruise,26.38830479918469,False
10146.161278873617,10.146161278873617,25.484685415613328,51.45410597330345,inf,inf,False,straight,-1,60.00000000000001,cruise,26.260793085672265,False
10151.189350338786,10.151189350338786,25.484645496842703,51.45408218071034,inf,inf,False,straight,-1,60.00000000000001,cruise,26.14576869418127,False
10156.201672207711,10.156201672207711,25.484605725130965,51.45405841787005,inf,inf,False,straight,-1,60.00000000000001,cruise,26.05248975620061,False
10161.216626509675,10.161216626509674,25.48456595741201,51.45403459209062,inf,inf,False,straight,-1,60.00000000000001,cruise,25.97423255780799,False
10166.214111351605,10.166214111351605,25.48452636201486,51.45401078099724,inf,inf,False,straight,-1,60.00000000000001,cruise,25.909530566254286,False
10171.205319421802,10.171205319421803,25.484486857692435,51.45398691657933,inf,inf,False,straight,-1,60.00000000000001,cruise,25.86116528135142,False
10176.208014927463,10.176208014927463,25.48444731375532,51.45396289447141,inf,inf,False,straight,-1,60.00000000000001,cruise,25.822040299713755,False
10181.200411648813,10.181200411648813,25.484407921986737,51.45393878101679,inf,inf,False,straight,-1,60.00000000000001,cruise,25.7877775651136,False
10186.17269658261,10.18617269658261,25.484368784839724,51.45391457552409,inf,inf,False,straight,-1,60.00000000000001,cruise,25.75843068879815,False
10191.219356153724,10.191219356153724,25.484329179279275,51.4538897798382,inf,inf,False,straight,-1,60.00000000000001,cruise,25.730271901992552,False
10196.3199683651,10.196319968365101,25.484289310394345,51.45386441130685,inf,inf,False,straight,-1,60.00000000000001,cruise,25.70396815295149,False
10201.382183881697,10.201382183881696,25.484249975893093,51.45383879222646,inf,inf,False,straight,-1,60.00000000000001,cruise,25.68149157731986,False
10206.460534980517,10.206460534980517,25.48421081615768,51.453812540361,inf,inf,False,straight,-1,60.00000000000001,cruise,25.657359058160864,False
10211.563318226148,10.211563318226148,25.484171881663688,51.453785427669686,inf,inf,False,straight,-1,60.00000000000001,cruise,25.631218753999725,False
10216.649479938083,10.216649479938084,25.48413367051147,51.45375739084245,inf,inf,False,straight,-1,60.00000000000001,cruise,25.60016124210683,False
10221.707876187616,10.221707876187617,25.48409654418311,51.45372810975461,inf,inf,False,straight,-1,60.00000000000001,cruise,25.560093139671444,False
10226.787971325542,10.226787971325543,25.484060556737404,51.4536968020951,inf,inf,False,straight,-1,60.00000000000001,cruise,25.508406912188065,False
10231.937551278354,10.231937551278353,25.484026029706445,51.45366251794015,inf,inf,False,straight,-1,60.00000000000001,cruise,25.44101127455363,False
10237.118577472134,10.237118577472135,25.48399429884579,51.45362467187473,inf,inf,False,straight,-1,60.00000000000001,cruise,25.35154044481036,False
10242.317395304064,10.242317395304065,25.48396687666757,51.45358272141035,inf,inf,False,straight,-1,60.00000000000001,cruise,25.229459375094848,False
10247.558781928332,10.247558781928332,25.48394354413089,51.45353738220468,inf,inf,False,straight,-1,60.00000000000001,cruise,25.06274954658444,False
10252.815013150599,10.252815013150599,25.48392456403409,51.45348948113904,inf,inf,False,straight,-1,60.00000000000001,cruise,24.900378568585623,False
10258.053979662956,10.258053979662957,25.483909330793747,51.45344016436912,78.0,56.3,False,turn,11,60.00000000000001,cruise,24.73042595605904,True
10263.322503158177,10.263322503158177,25.483897316929728,51.45338947623436,78.0,56.3,False,turn,11,60.00000000000001,cruise,24.580445493013148,False
10268.560626865834,10.268560626865835,25.48388863294979,51.45333827725344,78.0,56.3,False,turn,11,60.00000000000001,cruise,24.433022862860074,False
10273.750231585076,10.273750231585076,25.48388368141676,51.453286963843695,78.0,56.3,False,turn,11,60.00000000000001,cruise,24.27431014601913,False
10278.991160390571,10.278991160390571,25.48388314213775,51.45323485441702,78.0,56.3,False,turn,11,60.00000000000001,accel,24.089087932378835,False
10284.243852295334,10.284243852295335,25.48388822904397,51.45318292608761,78.0,56.3,False,turn,11,60.00000000000001,accel,24.19635385092448,False
10289.422499523804,10.289422499523804,25.48389787372776,51.45313254043959,78.0,56.3,False,turn,11,60.00000000000001,accel,24.29442576722009,False
10294.627203033697,10.294627203033697,25.483911762370912,51.45308310080825,78.0,56.3,False,turn,11,60.00000000000001,accel,24.365685838713457,False
10299.866346796776,10.299866346796776,25.48392983092801,51.45303495770767,78.0,56.3,False,turn,11,60.00000000000001,accel,24.400430374637253,False
10305.063719233127,10.305063719233127,25.483951592603404,51.45298917377064,78.0,56.3,False,turn,11,60.00000000000001,accel,24.438893823433663,False
10310.204495651442,10.310204495651442,25.483977083922976,51.45294645988703,78.0,56.3,False,turn,11,60.00000000000001,accel,24.467486912724294,False
10315.378334168532,10.315378334168532,25.48400611253716,51.45290615866881,78.0,56.3,False,turn,11,60.00000000000001,accel,24.474793873453763,False
10320.459316310827,10.320459316310828,25.48403731831146,51.452869132777806,78.0,56.3,False,turn,11,60.00000000000001,accel,24.480235268320907,False
10325.465257832519,10.32546525783252,25.484070533603465,51.45283538372675,78.0,56.3,False,turn,11,60.00000000000001,accel,24.4751839308685,False
10330.47408089537,10.330474080895371,25.48410544132653,51.45280373003563,78.0,56.3,False,turn,11,60.00000000000001,accel,24.485952116295422,False
10335.443265327105,10.335443265327106,25.48414121259829,51.4527739174174,78.0,56.3,False,turn,11,60.00000000000001,accel,24.51826534438156,False
10340.412388093926,10.340412388093926,25.4841778057345,51.45274534178062,78.0,56.3,False,turn,11,60.00000000000001,accel,24.569926095829995,False
10345.495143528009,10.345495143528009,25.484215857442663,51.45271710362727,78.0,56.3,False,turn,11,60.00000000000001,accel,24.63801938046161,False
10350.588518055103,10.350588518055103,25.48425439958239,51.452689490263865,78.0,56.3,False,turn,11,60.00000000000001,accel,24.720467622362257,False
10355.667071785569,10.355667071785568,25.484293107967893,51.45266243459324,78.0,56.3,False,turn,11,60.00000000000001,accel,24.82508829029461,False
10360.754500458235,10.360754500458235,25.48433210143202,51.45263571284372,78.0,56.3,False,turn,11,60.00000000000001,accel,24.94262664480945,False
10365.803583066958,10.365803583066958,25.48437094575057,51.452609450565056,78.0,56.3,False,turn,11,60.00000000000001,accel,25.069421420658674,False
10370.82375579281,10.37082375579281,25.484409675196527,51.45258353265233,78.0,56.3,False,turn,11,60.00000000000001,accel,25.20496428064505,False
10375.844733859576,10.375844733859577,25.484448497222584,51.4525577678322,78.0,56.3,False,turn,11,60.00000000000001,accel,25.345444619613584,False
10380.856233181652,10.380856233181651,25.48448731077956,51.4525321705371,78.0,56.3,False,turn,11,60.00000000000001,accel,25.488768265807646,False
10385.862665635741,10.385862665635742,25.48452613670083,51.45250669431231,78.0,56.3,False,turn,11,60.00000000000001,accel,25.632553084142284,False
10390.855346089435,10.390855346089435,25.48456489711868,51.45248136430997,78.0,56.3,False,turn,11,60.00000000000001,accel,25.775049646972818,False
10395.875825564115,10.395875825564115,25.484603916355358,51.452455973285815,78.0,56.3,False,turn,11,60.00000000000001,accel,25.915252593718535,False
10400.901149514328,10.400901149514327,25.484643005625436,51.45243061823901,78.0,56.3,False,turn,11,60.00000000000001,accel,26.051701336455423,False
10405.902740329671,10.40590274032967,25.48468193465947,51.45240542858208,78.0,56.3,False,turn,11,60.00000000000001,accel,26.18320981494741,False
10410.904476488671,10.410904476488671,25.484720887124723,51.45238028005707,78.0,56.3,False,turn,11,60.00000000000001,accel,26.306990747774417,False
10415.909610766525,10.415909610766525,25.48475988618483,51.45235515231914,78.0,56.3,False,turn,11,60.00000000000001,accel,26.421540102678865,False
10420.910313189399,10.420910313189399,25.484798868330124,51.4523300800376,78.0,56.3,False,turn,11,60.00000000000001,accel,26.52454819723153,False
10425.90489653241,10.425904896532408,25.484837820841985,51.45230507255095,78.0,56.3,False,turn,11,60.00000000000001,accel,26.6083285260666,False
10430.906383076897,10.430906383076897,25.484876847396183,51.4522800687265,inf,inf,False,straight,-1,60.00000000000001,accel,26.68477270449661,False
10435.898457268377,10.435898457268376,25.484915819896493,51.452255148716766,inf,inf,False,straight,-1,60.00000000000001,accel,26.7449999500148,False
10440.909839226899,10.440909839226899,25.48495496855597,51.4522301806352,inf,inf,False,straight,-1,60.00000000000001,accel,26.787352648580956,False
10445.918967885234,10.445918967885234,25.484994133122,51.45220528764134,inf,inf,False,straight,-1,60.00000000000001,accel,26.820734907910424,False
10450.947721818533,10.450947721818533,25.485033495876504,51.45218038273552,inf,inf,False,straight,-1,60.00000000000001,accel,26.82957000757702,False
10455.995627226184,10.455995627226184,25.48507306825468,51.45215549785252,inf,inf,False,straight,-1,60.00000000000001,accel,26.818598987765828,False
10460.963073443449,10.460963073443448,25.485112121774403,51.45213122678413,inf,inf,False,straight,-1,60.00000000000001,accel,26.79311895969139,False
10465.88074021905,10.46588074021905,25.485150883582616,51.45210739454166,inf,inf,False,straight,-1,60.00000000000001,accel,26.753283750033585,False
10470.875447690001,10.470875447690002,25.48519034359084,51.452083369317,inf,inf,False,straight,-1,60.00000000000001,accel,26.705545434517223,False
10475.86277016245,10.47586277016245,25.485229806478248,51.45205950203528,inf,inf,False,straight,-1,60.00000000000001,accel,26.658178105775114,False
10480.86485540104,10.48086485540104,25.4852694414777,51.45203567538592,inf,inf,False,straight,-1,60.00000000000001,accel,26.60615495089729,False
10485.886927432979,10.48588692743298,25.48530928309161,51.452011851170695,inf,inf,False,straight,-1,60.00000000000001,accel,26.550048725755843,False
10490.896254716143,10.490896254716143,25.48534906397705,51.45198816953543,inf,inf,False,straight,-1,60.00000000000001,accel,26.491903558305747,False
10495.882219384686,10.495882219384686,25.485388695429343,51.4519646720731,inf,inf,False,straight,-1,60.00000000000001,accel,26.438348421158565,False
10500.868365870501,10.5008683658705,25.485428356653262,51.45194123181727,inf,inf,False,straight,-1,60.00000000000001,accel,26.394339443503423,False
10505.872810406012,10.505872810406013,25.48546818612348,51.45191775220179,inf,inf,False,straight,-1,60.00000000000001,accel,26.354014062178734,False
10510.880928575645,10.510880928575645,25.48550805849946,51.45189428350526,inf,inf,False,straight,-1,60.00000000000001,accel,26.328045488711822,False
10515.89428144585,10.51589428144585,25.48554798111206,51.45187080793377,inf,inf,False,straight,-1,60.00000000000001,accel,26.311762969635662,False
10520.894041292713,10.520894041292713,25.48558779602258,51.45184739713287,inf,inf,False,straight,-1,60.00000000000001,cruise,26.318331817258745,False
10525.87586554023,10.52587586554023,25.485627466503608,51.45182406700821,inf,inf,False,straight,-1,60.00000000000001,cruise,26.082006988176904,False
10530.874782896746,10.530874782896746,25.48566727059681,51.45180065167628,inf,inf,False,straight,-1,60.00000000000001,cruise,25.862592634328657,False
10535.874359806396,10.535874359806396,25.485707078954643,51.45177723121904,inf,inf,False,straight,-1,60.00000000000001,cruise,25.657633578764468,False
10540.874130200433,10.540874130200432,25.485746888206183,51.45175380852134,inf,inf,False,straight,-1,60.00000000000001,cruise,25.45962825853777,False
10545.874082999726,10.545874082999726,25.48578669851825,51.45173038416108,inf,inf,False,straight,-1,60.00000000000001,cruise,25.2686510970611,False
10550.874247010632,10.550874247010631,25.48582651034028,51.45170695845716,inf,inf,False,straight,-1,60.00000000000001,cruise,25.09108270061343,False
10555.874443161389,10.555874443161388,25.48586632246847,51.451683532706326,inf,inf,False,straight,-1,60.00000000000001,cruise,24.9258404948762,False
10560.87554596458,10.56087554596458,25.4859061420166,51.451660103122485,inf,inf,False,straight,-1,60.00000000000001,cruise,24.771843197182637,False
10565.878453975794,10.565878453975795,25.48594597633045,51.45163666589063,inf,inf,False,straight,-1,60.00000000000001,cruise,24.633758167224247,False
10570.878740693368,10.570878740693368,25.48598579087904,51.45161324322003,inf,inf,False,straight,-1,60.00000000000001,cruise,24.502203593147573,False
10575.880076292791,10.57588007629279,25.48602561461222,51.45158981735421,inf,inf,False,straight,-1,60.00000000000001,cruise,24.376905938152117,False
10580.881240700577,10.580881240700577,25.486065438266603,51.45156639493968,inf,inf,False,straight,-1,60.00000000000001,cruise,24.25488011647546,False
10585.872874189934,10.585872874189935,25.486105188546336,51.45154302235947,inf,inf,False,straight,-1,60.00000000000001,cruise,24.135503788482957,False
10590.868259591725,10.590868259591725,25.486144970487285,51.45151963589196,inf,inf,False,straight,-1,60.00000000000001,cruise,24.01766746729849,False
10595.87299487411,10.59587299487411,25.486184828383205,51.45149620873787,inf,inf,False,straight,-1,60.00000000000001,cruise,23.8998589276434,False
10600.87335364764,10.60087335364764,25.486224653053466,51.45147280543348,inf,inf,False,straight,-1,60.00000000000001,cruise,23.78189625554741,False
10605.874296391987,10.605874296391987,25.486264483660825,51.451449402051686,inf,inf,False,straight,-1,60.00000000000001,cruise,23.66406296309889,False
10610.881248649623,10.610881248649623,25.486304363084027,51.45142597251342,inf,inf,False,straight,-1,60.00000000000001,cruise,23.54493540156475,False
10615.88413071091,10.61588413071091,25.486344211392744,51.451402564714286,inf,inf,False,straight,-1,60.00000000000001,cruise,23.42163649134732,False
10620.885110664254,10.620885110664254,25.48638404549581,51.45137916776651,inf,inf,False,straight,-1,60.00000000000001,cruise,23.29379740712145,False
10625.886055049245,10.625886055049245,25.48642387998721,51.45135577237268,inf,inf,False,straight,-1,60.00000000000001,cruise,23.161349133014287,False
10630.889457376446,10.630889457376446,25.486463734466696,51.451332366326376,inf,inf,False,straight,-1,60.00000000000001,cruise,23.02574876743796,False
10635.890461835346,10.635890461835347,25.48650357052683,51.45130897290404,inf,inf,False,straight,-1,60.00000000000001,cruise,22.888464723073724,False
10640.88995471382,10.64088995471382,25.486543395122798,51.4512855877437,inf,inf,False,straight,-1,60.00000000000001,cruise,22.750358454805315,False
10645.892201251325,10.645892201251325,25.48658324193232,51.45126219027893,inf,inf,False,straight,-1,60.00000000000001,cruise,22.611412441908943,False
10650.894516464748,10.65089451646475,25.486623089737517,51.45123879342,inf,inf,False,straight,-1,60.00000000000001,cruise,22.47230487519539,False
10655.89523298034,10.65589523298034,25.486662925395425,51.45121540525314,inf,inf,False,straight,-1,60.00000000000001,cruise,22.33147696673557,False
10660.895850152147,10.660895850152146,25.48670276082872,51.45119201872227,inf,inf,False,straight,-1,60.00000000000001,cruise,22.18732151786472,False
10665.896380663671,10.665896380663671,25.48674259625792,51.45116863401507,inf,inf,False,straight,-1,60.00000000000001,cruise,22.03649241796808,False
10670.89868328151,10.67089868328151,25.48678244655816,51.45114524257933,inf,inf,False,straight,-1,60.00000000000001,cruise,21.878062437113005,False
10675.899174394173,10.675899174394173,25.48682228362878,51.45112186209836,inf,inf,False,straight,-1,60.00000000000001,cruise,21.71018436553122,False
10680.899573079707,10.680899573079706,25.4868621213897,51.451098484999264,inf,inf,False,straight,-1,60.00000000000001,cruise,21.531954129141283,False
10685.902009610001,10.68590200961,25.486901977140768,51.45107510200207,inf,inf,False,straight,-1,60.00000000000001,cruise,21.3422773504781,False
10690.90243008801,10.690902430088011,25.48694181939562,51.451051733736726,inf,inf,False,straight,-1,60.00000000000001,cruise,21.136466867349437,False
10695.902823258428,10.695902823258427,25.48698166467651,51.4510283723106,inf,inf,False,straight,-1,60.00000000000001,cruise,20.91855077449045,False
10700.883032521044,10.700883032521043,25.48702135454435,51.45100511640454,inf,inf,False,straight,-1,60.00000000000001,cruise,20.694554128793627,False
10705.883219605828,10.705883219605829,25.48706120832837,51.4509817769496,inf,inf,False,straight,-1,60.00000000000001,cruise,20.46144308197257,False
10710.903518237166,10.710903518237167,25.487101227368505,51.45095835389496,inf,inf,False,straight,-1,60.00000000000001,cruise,20.223743279025268,False
10715.906234242773,10.715906234242773,25.48714111252155,51.45093502588197,inf,inf,False,straight,-1,60.00000000000001,cruise,19.97729951238618,False
10720.909154270672,10.720909154270672,25.48718100439771,51.45091170749383,inf,inf,False,straight,-1,60.00000000000001,cruise,19.722405148653834,False
10725.932146346915,10.725932146346915,25.48722106050256,51.4508883042293,inf,inf,False,straight,-1,60.00000000000001,cruise,19.46295284004135,False
10730.934856638083,10.730934856638083,25.487260962420724,51.4508650111517,inf,inf,False,straight,-1,60.00000000000001,cruise,19.199588149894552,False
10735.914364299422,10.735914364299422,25.487300686514654,51.450841841165605,inf,inf,False,straight,-1,60.00000000000001,cruise,18.934337264402945,False
10740.915209413395,10.740915209413394,25.487340583757494,51.45081857798928,inf,inf,False,straight,-1,60.00000000000001,cruise,18.66650091682816,False
10745.910229362311,10.74591022936231,25.48738043828347,51.45079534973052,inf,inf,False,straight,-1,60.00000000000001,cruise,18.393708480244992,False
10750.910865780856,10.750910865780856,25.487420339844764,51.45077209998086,inf,inf,False,straight,-1,60.00000000000001,cruise,18.117886173097894,False
10755.911605325731,10.755911605325732,25.48746024417457,51.45074885380384,inf,inf,False,straight,-1,60.00000000000001,cruise,17.83995253962197,False
10760.90611653352,10.760906116533521,25.487500100677785,51.450725640482425,inf,inf,False,straight,-1,60.00000000000001,cruise,17.56016130422809,False
10765.903556392248,10.765903556392248,25.48753998151012,51.45070241554592,inf,inf,False,straight,-1,60.00000000000001,cruise,17.280400732709346,False
10770.907405297394,10.770907405297393,25.487579913938266,51.45067916176187,inf,inf,False,straight,-1,60.00000000000001,cruise,17.003447615405538,False
10775.908186855326,10.775908186855325,25.48761982257434,51.45065592366265,inf,inf,False,straight,-1,60.00000000000001,cruise,16.72471039911748,False
10780.905631844815,10.780905631844815,25.4876597050127,51.45063270196355,inf,inf,False,straight,-1,60.00000000000001,cruise,16.453749289276228,False
10785.909912940766,10.785909912940767,25.48769964159022,51.45060944763038,inf,inf,False,straight,-1,60.00000000000001,cruise,16.1947932738119,False
10790.914469545329,10.790914469545328,25.48773958004055,51.45058619133788,inf,inf,False,straight,-1,60.00000000000001,cruise,15.94977217311729,False
10795.912080477035,10.795912080477036,25.48777946283653,51.45056296685328,inf,inf,False,straight,-1,60.00000000000001,cruise,15.730034840793468,False
10800.90960785925,10.80090960785925,25.48781934383065,51.45053974039186,inf,inf,False,straight,-1,60.00000000000001,cruise,15.535888215615632,False
10805.910853665615,10.805910853665615,25.487859252564714,51.45051649262057,inf,inf,False,straight,-1,60.00000000000001,cruise,15.35197237863022,False
10810.912221703265,10.810912221703266,25.48789915986457,51.45049323926269,inf,inf,False,straight,-1,60.00000000000001,cruise,15.182322873640553,False
10815.913719437884,10.815913719437884,25.487939064878827,51.4504699783885,inf,inf,False,straight,-1,60.00000000000001,cruise,15.026276069850084,False
10820.915353644386,10.820915353644386,25.487978966474643,51.45044670749957,inf,inf,False,straight,-1,60.00000000000001,cruise,14.876277721742612,False
10825.917129698357,10.825917129698357,25.488018863132663,51.4504234233274,inf,inf,False,straight,-1,60.00000000000001,cruise,14.745855671112125,False
10830.919050904804,10.830919050904804,25.48805875281056,51.45040012156783,inf,inf,False,straight,-1,58.9293128490275,cruise,14.627441404224228,False
10835.921117328433,10.835921117328432,25.488098632759343,51.45037679653131,inf,inf,False,straight,-1,55.531101445560815,cruise,14.521075302377444,False
10840.918986576718,10.84091898657672,25.48813846500803,51.45035346155402,inf,inf,False,straight,-1,51.91405315529203,cruise,14.427218760328774,False
10845.947712026566,10.845947712026566,25.488178521472857,51.450329937612906,inf,inf,False,straight,-1,48.000366915580706,cruise,14.340976824366608,False
10850.919124260034,10.850919124260034,25.488218099258084,51.45030663607172,inf,inf,False,straight,-1,43.788790903105536,cruise,14.255179571438289,False
10855.884927562614,10.855884927562615,25.488257593593293,51.45028328103801,inf,inf,False,straight,-1,39.13205008617896,cruise,14.168515027595356,False
10860.90996077083,10.860909960770831,25.48829749998167,51.45025952673561,inf,inf,False,straight,-1,33.7723372255511,cruise,14.077430533802453,False
10865.913756246679,10.865913756246679,25.48833715742829,51.45023570990412,inf,inf,False,straight,-1,27.413055748573367,cruise,13.98478659667254,False
10870.866236921604,10.870866236921604,25.48837629558347,51.450211911235925,inf,inf,False,straight,-1,19.14081315389242,cruise,13.890020052870817,False
10875.577794640125,10.875577794640124,25.488413374327223,51.45018896281744,inf,inf,False,straight,-1,0.0,brake,13.791347352840567,False
10875.577794640125,10.875577794640124,25.488415852960205,51.45018741356243,inf,inf,True,straight,-1,0.0,brake,13.791347352840567,False
10880.801318731881,10.880801318731882,25.488456810871455,51.45016167989994,inf,inf,False,straight,-1,60.00000000000001,accel,0.0,False
10885.779213436535,10.885779213436535,25.48849576814852,51.45013701273625,inf,inf,False,straight,-1,60.00000000000001,accel,10.619933599248132,False
10890.763218175578,10.890763218175579,25.48853472553825,51.4501122241018,inf,inf,False,straight,-1,60.00000000000001,accel,14.841243609485849,False
10895.771700341344,10.895771700341344,25.4885738405863,51.45008724963076,inf,inf,False,straight,-1,60.00000000000001,accel,18.10729025660758,False
10900.777793414836,10.900777793414836,25.488612910321496,51.4500622364867,inf,inf,False,straight,-1,60.00000000000001,accel,20.880945994225417,False
10905.77812976761,10.90577812976761,25.4886519152098,51.45003721439266,inf,inf,False,straight,-1,60.00000000000001,accel,23.325999809289257,False
10910.771359763155,10.910771359763155,25.488690850091363,51.45001220031393,inf,inf,False,straight,-1,60.00000000000001,accel,25.321957518609796,False
10915.779870573491,10.915779870573491,25.488729896217265,51.44998709475425,inf,inf,False,straight,-1,60.00000000000001,accel,27.018742047329035,False
10920.794209670144,10.920794209670145,25.488768982163656,51.44996194938349,inf,inf,False,straight,-1,60.00000000000001,accel,28.51058085951092,False
10925.801234951796,10.925801234951797,25.48880800656967,51.449936832146506,inf,inf,False,straight,-1,60.00000000000001,accel,29.844626008064207,False
10930.810967659878,10.930810967659879,25.488847050794792,51.44991169891056,inf,inf,False,straight,-1,60.00000000000001,accel,31.05001165531416,False
10935.817077884305,10.935817077884305,25.488886066974786,51.449886584201295,inf,inf,False,straight,-1,60.00000000000001,accel,31.06926958947491,False
10940.837986335182,10.940837986335183,25.488925202404417,51.44986140263631,inf,inf,False,straight,-1,60.00000000000001,accel,31.19719452054932,False
10945.828307111067,10.945828307111068,25.4889641019494,51.44983637925188,inf,inf,False,straight,-1,60.00000000000001,accel,31.313219852862726,False
10950.799453130569,10.950799453130568,25.4890028566592,51.449811460756216,inf,inf,False,straight,-1,60.00000000000001,accel,31.4159144234691,False
10955.76801759781,10.955768017597808,25.489041598866116,51.44978656959153,inf,inf,False,straight,-1,60.00000000000001,accel,31.50471350384221,False
10960.776278688436,10.960776278688435,25.48908066455373,51.44976150591752,inf,inf,False,straight,-1,60.00000000000001,accel,31.58691632465515,False
10965.78847347423,10.965788473474229,25.48911976946973,51.4497364387244,inf,inf,False,straight,-1,60.00000000000001,accel,31.66186723130924,False
10970.790361981866,10.970790361981866,25.48915879983308,51.44971143416436,inf,inf,False,straight,-1,60.00000000000001,accel,31.725789416533583,False
10975.815185595826,10.975815185595826,25.489198021495017,51.44968633832471,inf,inf,False,straight,-1,60.00000000000001,accel,31.779010791798925,False
10980.848352517809,10.980848352517809,25.489237319341864,51.44966122180209,inf,inf,False,straight,-1,60.00000000000001,accel,31.82289036370274,False
10985.854335788394,10.985854335788394,25.489276413327804,51.4496362568532,inf,inf,False,straight,-1,60.00000000000001,accel,31.854635377575416,False
10990.835283059276,10.990835283059276,25.489315319804547,51.44961143198214,inf,inf,False,straight,-1,60.00000000000001,accel,31.877927381165964,False
10995.837253218093,10.995837253218093,25.48935439971008,51.44958651987105,inf,inf,False,straight,-1,60.00000000000001,accel,31.89594273258868,False
11000.835767755043,11.000835767755042,25.48939345883159,51.449561636803125,inf,inf,False,straight,-1,60.00000000000001,accel,31.90981475945744,False
11005.834514356422,11.005834514356422,25.48943252540295,51.44953676331861,inf,inf,False,straight,-1,60.00000000000001,cruise,31.920293255020468,False
11010.831962878663,11.010831962878664,25.489471586982717,51.4495119061167,inf,inf,False,straight,-1,60.00000000000001,cruise,31.749436963082186,False
11015.829954102515,11.015829954102514,25.489510658162743,51.44948705643528,inf,inf,False,straight,-1,60.00000000000001,cruise,31.57610213566422,False
11020.842873764128,11.020842873764128,25.489549853143345,51.449462146079775,inf,inf,False,straight,-1,60.00000000000001,cruise,31.40012558802732,False
11025.84468378952,11.02584468378952,25.489588966618424,51.44943730116367,inf,inf,False,straight,-1,60.00000000000001,cruise,31.221362312362185,False
11030.850874357304,11.030850874357304,25.48962812090112,51.4494124470094,inf,inf,False,straight,-1,60.00000000000001,cruise,31.04037921455537,False
11035.86900845461,11.035869008454611,25.489667376304205,51.449387548299065,inf,inf,False,straight,-1,60.00000000000001,cruise,30.85959015731591,False
11040.873387971527,11.040873387971528,25.48970653265889,51.44936273419842,inf,inf,False,straight,-1,60.00000000000001,cruise,30.67990086015301,False
11045.867414418282,11.045867414418282,25.489745617174822,51.44933798899557,inf,inf,False,straight,-1,60.00000000000001,accel,30.507553360450647,False
11050.866596367223,11.050866596367223,25.48978475198131,51.449313237311735,inf,inf,False,straight,-1,60.00000000000001,accel,30.538258808347265,False
11055.83837912323,11.05583837912323,25.489823684658656,51.449288645009815,inf,inf,False,straight,-1,60.00000000000001,accel,30.57369322368838,False
11060.810578561908,11.060810578561908,25.48986263568592,51.44926407965077,inf,inf,False,straight,-1,60.00000000000001,accel,30.596760862395097,False
11065.820176813231,11.065820176813231,25.4899018994304,51.44923936754629,inf,inf,False,straight,-1,60.00000000000001,accel,30.596760862395097,False
11070.826547936922,11.070826547936923,25.489941147569898,51.44921469004834,inf,inf,False,straight,-1,60.00000000000001,accel,30.596760862395097,False
11075.840384773466,11.075840384773466,25.48998046412003,51.4491899948308,inf,inf,False,straight,-1,60.00000000000001,accel,30.596760862395097,False
11080.847965101539,11.080847965101539,25.490019738513432,51.44916534377175,inf,inf,False,straight,-1,60.00000000000001,accel,30.596760862395097,False
11085.846956113035,11.085846956113036,25.490058950980128,51.44914074551372,inf,inf,False,straight,-1,60.00000000000001,accel,30.596760862395097,False
11090.847001000584,11.090847001000585,25.49009817671188,51.44911615174068,inf,inf,False,straight,-1,60.00000000000001,accel,30.596760862395097,False
11095.847424785134,11.095847424785134,25.490137409827668,51.44909156464353,inf,inf,False,straight,-1,60.00000000000001,accel,30.596760862395097,False
11100.844314342588,11.100844314342588,25.49017661922064,51.44906700268326,inf,inf,False,straight,-1,60.00000000000001,accel,30.596760862395097,False
11105.847796571083,11.105847796571082,25.490215884969466,51.44904241727726,inf,inf,False,straight,-1,60.00000000000001,accel,30.596760862395097,False
11110.848035485094,11.110848035485095,25.49025512920261,51.44901785543863,inf,inf,False,straight,-1,60.00000000000001,accel,30.596760862395097,False
11115.849689926667,11.115849689926666,25.49029438879461,51.44899329488641,inf,inf,False,straight,-1,60.00000000000001,accel,30.596760862395097,False
11120.848914059636,11.120848914059636,25.490333634214995,51.448968755783575,inf,inf,False,straight,-1,60.00000000000001,accel,30.596760862395097,False
11125.849655818072,11.125849655818072,25.490372897507367,51.4489442207972,inf,inf,False,straight,-1,60.00000000000001,accel,30.596760862395097,False
11130.843972688002,11.130843972688002,25.490412117169097,51.44891973056969,inf,inf,False,straight,-1,60.00000000000001,accel,30.6412231640854,False
11135.854172671596,11.135854172671596,25.49045147132302,51.44889518144092,inf,inf,False,straight,-1,60.00000000000001,accel,30.680857641604348,False
11140.860160289632,11.140860160289632,25.490490807216048,51.44887068181407,inf,inf,False,straight,-1,60.00000000000001,accel,30.71943841535785,False
11145.885288975804,11.145885288975803,25.490530312906287,51.4488461263253,inf,inf,False,straight,-1,60.00000000000001,accel,30.7534981201453,False
11150.908678536362,11.15090867853636,25.49056983517075,51.44882163847412,inf,inf,False,straight,-1,60.00000000000001,accel,30.788641349274627,False
11155.88144857371,11.155881448573709,25.490609008866016,51.44879749494476,inf,inf,False,straight,-1,60.00000000000001,accel,30.82453701505006,False
11160.791016164552,11.160791016164552,25.490647748722207,51.44877378480614,inf,inf,False,straight,-1,60.00000000000001,accel,30.86167461857812,False
11165.785093633243,11.165785093633243,25.49068722475329,51.44874980451098,inf,inf,False,straight,-1,60.00000000000001,accel,30.900139580393947,False
11170.830711027007,11.170830711027007,25.490727157157263,51.448725674812266,inf,inf,False,straight,-1,60.00000000000001,accel,30.93836664656996,False
11175.87297370531,11.17587297370531,25.490767076549663,51.44870158836279,inf,inf,False,straight,-1,60.00000000000001,accel,30.98212638134212,False
11180.90503633375,11.18090503633375,25.490806915594906,51.44867755145499,inf,inf,False,straight,-1,60.00000000000001,accel,31.03219919641889,False
11185.881595895155,11.185881595895154,25.490846285924828,51.448653720851055,inf,inf,False,straight,-1,60.00000000000001,accel,31.084226602831077,False
11190.828299020784,11.190828299020785,25.4908853906784,51.448629974421,inf,inf,False,straight,-1,60.00000000000001,accel,31.134848837131933,False
11195.829167629254,11.195829167629254,25.490924895749284,51.4486059123623,inf,inf,False,straight,-1,60.00000000000001,accel,31.18210478214945,False
11200.829982681485,11.200829982681485,25.49096438312865,51.448581816192245,inf,inf,False,straight,-1,60.00000000000001,accel,31.229455974576133,False
11205.830766045065,11.205830766045064,25.491003857179997,51.44855769418898,inf,inf,False,straight,-1,60.00000000000001,accel,31.271017417882398,False
11210.83093551105,11.21083093551105,25.491043316470947,51.44853355547085,inf,inf,False,straight,-1,60.00000000000001,accel,31.294338937180385,False
11215.831483612563,11.215831483612563,25.49108277105456,51.448509399667294,inf,inf,False,straight,-1,60.00000000000001,accel,31.313527252938425,False
11220.826481114565,11.220826481114566,25.4911221763228,51.44848525973829,inf,inf,False,straight,-1,60.00000000000001,accel,31.310152437973024,False
11225.832764311272,11.22583276431127,25.49116166512407,51.44846105437848,inf,inf,False,straight,-1,60.00000000000001,accel,31.28690651376005,False
11230.850514355474,11.230850514355474,25.491201239969357,51.44843678485927,inf,inf,False,straight,-1,60.00000000000001,accel,31.252135830952263,False
11235.863023088834,11.235863023088834,25.491240773849945,51.44841254142965,inf,inf,False,straight,-1,60.00000000000001,accel,31.18498907853055,False
11240.87215734956,11.24087215734956,25.491280282748598,51.44838831755176,inf,inf,False,straight,-1,60.00000000000001,accel,31.09223646619194,False
11245.860393930203,11.245860393930203,25.49131963456508,51.44836421006888,inf,inf,False,straight,-1,60.00000000000001,cruise,30.985466931694894,False
11250.833525367021,11.250833525367021,25.4913588749419,51.44834019089153,inf,inf,False,straight,-1,60.00000000000001,cruise,30.676028476247588,False
11255.82495291775,11.25582495291775,25.49139826523439,51.4483160943542,inf,inf,False,straight,-1,60.00000000000001,cruise,30.357670187904525,False
11260.820922227544,11.260820922227543,25.491437696716595,51.448291986502014,inf,inf,False,straight,-1,60.00000000000001,cruise,30.035899542263024,False
11265.817020334225,11.265817020334225,25.491477134747083,51.44826788901015,inf,inf,False,straight,-1,60.00000000000001,cruise,29.707394060614096,False
11270.821228794446,11.270821228794446,25.49151664296762,51.448243764654215,inf,inf,False,straight,-1,60.00000000000001,cruise,29.37475221629002,False
11275.836631653025,11.275836631653025,25.491556246834428,51.44821960077745,inf,inf,False,straight,-1,60.00000000000001,cruise,29.041093976493,False
11280.844790510846,11.280844790510846,25.491595802841196,51.44819549038928,inf,inf,False,straight,-1,60.00000000000001,cruise,28.708928037569176,False
11285.83893100286,11.285838931002859,25.491635259246543,51.44817146963868,inf,inf,False,straight,-1,60.00000000000001,cruise,28.389314775749824,False
11290.825935652208,11.290825935652208,25.49167467148975,51.44814750757158,inf,inf,False,straight,-1,60.00000000000001,cruise,28.07749008779598,False
11295.818309687644,11.295818309687643,25.49171413987776,51.44812354708842,inf,inf,False,straight,-1,60.00000000000001,cruise,27.77442157758705,False
11300.780649196704,11.300780649196703,25.491753390314805,51.44809976975832,inf,inf,False,straight,-1,60.00000000000001,cruise,27.48117683095305,False
11305.775004168441,11.30577500416844,25.491792916228626,51.448075883635575,inf,inf,False,straight,-1,60.00000000000001,cruise,27.193203517425687,False
11310.801417354072,11.310801417354073,25.49183272057835,51.44805189389865,inf,inf,False,straight,-1,60.00000000000001,cruise,26.9088881856478,False
11315.80412971258,11.31580412971258,25.491872361415385,51.44802806601514,inf,inf,False,straight,-1,60.00000000000001,cruise,26.633021364868952,False
11320.796189693452,11.320796189693452,25.491911942518687,51.44800433874495,inf,inf,False,straight,-1,60.00000000000001,cruise,26.367873043984492,False
11325.811787527648,11.325811787527648,25.49195173665452,51.44798055312502,inf,inf,False,straight,-1,60.00000000000001,cruise,26.112826336417783,False
11330.81755640808,11.33081755640808,25.49199148392109,51.44795687738963,inf,inf,False,straight,-1,60.00000000000001,cruise,25.8644459078496,False
11335.792824888324,11.335792824888324,25.49203102748063,51.447933424456735,inf,inf,False,straight,-1,60.00000000000001,cruise,25.61767789299719,False
11340.816349238241,11.34081634923824,25.492070994537137,51.44790982598199,inf,inf,False,straight,-1,60.00000000000001,cruise,25.370262709208617,False
11345.811559946984,11.345811559946984,25.492110784875877,51.44788646054853,inf,inf,False,straight,-1,60.00000000000001,cruise,25.116923403261456,False
11350.76243937836,11.35076243937836,25.49215027993716,51.447863422418266,inf,inf,False,straight,-1,60.00000000000001,cruise,24.85934140602016,False
11355.765604510432,11.355765604510433,25.492190253494154,51.44784026914166,inf,inf,False,straight,-1,60.00000000000001,cruise,24.59877443576959,False
11360.793774383917,11.360793774383918,25.492230491795716,51.44781713675561,inf,inf,False,straight,-1,60.00000000000001,cruise,24.331504480554305,False
11365.78691334849,11.365786913348488,25.492270522924983,51.44779432062295,inf,inf,False,straight,-1,60.00000000000001,accel,24.05410244482648,False
11370.80059286142,11.37080059286142,25.492310803151423,51.44777159125029,inf,inf,False,straight,-1,60.00000000000001,accel,24.086893323240226,False
11375.857115124503,11.375857115124504,25.49235152941591,51.4477488879659,inf,inf,False,straight,-1,60.00000000000001,accel,24.10856500743721,False
11380.876840096196,11.380876840096196,25.49239209515937,51.44772664806628,inf,inf,False,straight,-1,60.00000000000001,accel,24.112465997572336,False
11385.885153674686,11.385885153674685,25.49243272796932,51.44770481480928,inf,inf,False,straight,-1,60.00000000000001,accel,24.10068562745276,False
11390.936965197396,11.390936965197396,25.49247390353152,51.4476832259111,inf,inf,False,straight,-1,60.00000000000001,accel,24.073283436828188,False
11396.014669442926,11.396014669442925,25.4925155404372,51.44766211536167,75.5,52.7,False,turn,1,60.00000000000001,accel,24.02940588362037,True
11401.033193497744,11.401033193497744,25.49255704157073,51.44764210845769,75.5,52.7,False,turn,1,60.00000000000001,accel,23.962986800982225,False
11405.97508883473,11.40597508883473,25.4925983510718,51.44762355940504,75.5,52.7,False,turn,1,60.00000000000001,accel,23.878330933787712,False
11410.919656630917,11.410919656630917,25.492640217584672,51.4476065164163,75.5,52.7,False,turn,1,60.00000000000001,accel,23.776800501917094,False
11415.75336748319,11.415753367483191,25.492681810200192,51.44759198973492,75.5,52.7,False,turn,1,60.00000000000001,accel,23.657905994930925,False
11420.471263459742,11.420471263459742,25.49272317283112,51.44758081833512,75.5,52.7,False,turn,1,60.00000000000001,accel,23.52294650685205,False
11425.271628945424,11.425271628945424,25.492766003555356,51.44757357732528,75.5,52.7,False,turn,1,60.00000000000001,accel,23.36380250519958,False
11430.111178452635,11.430111178452634,25.492809658247385,51.44757175749036,75.5,52.7,False,turn,1,60.00000000000001,accel,23.178598817323632,False
11434.791918197967,11.434791918197966,25.4928518366345,51.44757451088873,75.5,52.7,False,turn,1,60.00000000000001,accel,22.96882411925145,False
11439.5799480777,11.4395799480777,25.49289462232472,51.44758125004222,75.5,52.7,False,turn,1,60.00000000000001,accel,22.795295731057585,False
11444.464739815225,11.444464739815224,25.492937733200485,51.44759145119826,75.5,52.7,False,turn,1,60.00000000000001,accel,22.64881187070177,False
11449.224575393946,11.449224575393947,25.492979032669048,51.44760450632016,75.5,52.7,False,turn,1,60.00000000000001,accel,22.533334846516983,False
11453.954324705817,11.453954324705817,25.493019208921485,51.44762042016699,75.5,52.7,False,turn,1,60.00000000000001,accel,22.43990761216138,False
11458.74693924074,11.45874693924074,25.493058874404436,51.44763944437447,75.5,52.7,False,turn,1,60.00000000000001,accel,22.35816104873669,False
11463.392085056365,11.463392085056364,25.49309600431648,51.44766090559362,75.5,52.7,False,turn,1,60.00000000000001,accel,22.288311090621885,False
11467.906135076353,11.467906135076353,25.493130577192765,51.447684661341455,75.5,52.7,False,turn,1,60.00000000000001,accel,22.22365806056423,False
11472.359064180297,11.472359064180297,25.493162851310057,51.44771105456014,75.5,52.7,False,turn,1,60.00000000000001,accel,22.185196229493947,False
11476.752291229432,11.476752291229431,25.493192400825706,51.44774018826877,75.5,52.7,False,turn,1,60.00000000000001,accel,22.167353519356865,False
11481.082343945323,11.481082343945323,25.49321914897364,51.44777158332612,75.5,52.7,False,turn,1,60.00000000000001,accel,22.16496519679189,False
11485.297938075228,11.485297938075227,25.49324262535869,51.447804573139685,75.5,52.7,False,turn,1,60.00000000000001,cruise,22.17218626447651,False
11489.332939070942,11.489332939070943,25.49326294181899,51.44783787358424,75.5,52.7,False,turn,1,60.00000000000001,accel,21.895645876697124,False
11493.28061502487,11.49328061502487,25.49328096030543,51.447871739315374,75.5,52.7,False,turn,1,60.00000000000001,accel,21.96172089292261,False
11497.013613351726,11.497013613351726,25.49329634196284,51.44790476543464,75.5,52.7,False,turn,1,60.00000000000001,cruise,22.01179624800932,False
11500.604039699143,11.500604039699143,25.49330942027436,51.44793743089453,75.5,52.7,False,turn,1,60.00000000000001,accel,21.815207422617732,False
11504.2929379349,11.5042929379349,25.49332088113205,51.44797187018794,75.5,52.7,False,turn,1,60.00000000000001,accel,21.905715916947265,False
11508.179352415824,11.508179352415823,25.49333066809456,51.44800898026286,75.5,52.7,False,turn,1,60.00000000000001,accel,21.99018787638813,False
11512.165981838496,11.512165981838496,25.493338377865275,51.4480477006267,75.5,52.7,False,turn,1,60.00000000000001,cruise,22.01179624800932,False
11516.196207787856,11.516196207787857,25.49334351941048,51.44808737266811,75.5,52.7,False,turn,1,60.00000000000001,accel,21.81053191239894,False
11520.397160620148,11.52039716062015,25.49334567217904,51.44812907718725,75.5,52.7,False,turn,1,60.00000000000001,accel,21.91705764365125,False
11524.675816204272,11.524675816204272,25.493344046774936,51.448171584011405,75.5,52.7,False,turn,1,60.00000000000001,cruise,22.01179624800932,False
11528.933695518837,11.528933695518838,25.493339267069366,51.44821359329174,75.5,52.7,False,turn,1,60.00000000000001,accel,21.7678447384086,False
11533.213823260929,11.533213823260928,25.493331751991064,51.44825533959564,75.5,52.7,False,turn,1,60.00000000000001,accel,21.874438187909877,False
11537.566291818537,11.537566291818537,25.493321757927347,51.448297194480055,75.5,52.7,False,turn,1,60.00000000000001,accel,21.98852935977946,False
11541.863852515695,11.541863852515695,25.49330971620671,51.44833781616954,75.5,52.7,False,turn,1,60.00000000000001,cruise,22.01179624800932,False
11546.197185909548,11.546197185909548,25.493295384447396,51.44837790811829,75.5,52.7,False,turn,1,60.00000000000001,accel,21.806870966428423,False
11550.599318822811,11.550599318822812,25.49327914924278,51.4484178604402,75.5,52.7,False,turn,1,60.00000000000001,accel,21.933073156410227,False
11555.157709238323,11.555157709238323,25.49326105335974,51.44845856809643,75.5,52.7,False,turn,1,60.00000000000001,cruise,22.01179624800932,False
11559.782503388913,11.559782503388913,25.493241770107065,51.4484993547555,75.5,52.7,False,turn,1,60.00000000000001,accel,21.81536367354197,False
11564.460299384076,11.564460299384077,25.49322156271509,51.44854019613645,75.5,52.7,False,turn,1,60.00000000000001,accel,21.98490722477674,False
11569.201055112626,11.569201055112625,25.493200522566,51.44858124451679,75.5,52.7,False,turn,1,60.00000000000001,cruise,22.01179624800932,False
11573.949093712157,11.573949093712157,25.49317900056947,51.44862207241721,75.5,52.7,False,turn,1,60.00000000000001,accel,21.8352234185024,False
11578.71030394529,11.578710303945291,25.4931570248207,51.44866275844108,75.5,52.7,False,turn,1,60.00000000000001,cruise,22.01179624800932,False
11583.52052395912,11.58352052395912,25.493134451773244,51.44870361729289,75.5,52.7,False,turn,1,60.00000000000001,accel,21.84830938100229,False
11588.436633373114,11.588436633373114,25.493111011554014,51.44874512463621,75.5,52.7,False,turn,1,60.00000000000001,cruise,22.01179624800932,False
11593.342955218084,11.593342955218084,25.49308723346505,51.44878628282273,75.5,52.7,False,turn,1,60.00000000000001,accel,21.857174559664912,False
11598.265485706745,11.598265485706744,25.49306294011499,51.44882726688119,75.5,52.7,False,turn,1,60.00000000000001,cruise,22.01179624800932,False
11603.219165154645,11.603219165154645,25.49303797323781,51.44886813069778,75.5,52.7,False,turn,1,60.00000000000001,accel,21.87034607000912,False
11608.17647179108,11.60817647179108,25.49301234408984,51.448908537966766,75.5,52.7,False,turn,1,60.00000000000001,cruise,22.01179624800932,False
11613.088759203332,11.613088759203333,25.492986436985632,51.44894817929592,75.5,52.7,False,turn,1,60.00000000000001,cruise,21.882537001378665,False
11618.025303143604,11.618025303143604,25.492959990339838,51.448987686013794,75.5,52.7,False,turn,1,60.00000000000001,cruise,21.76673459597457,False
11622.998164895256,11.622998164895256,25.4929330152667,51.449027209554295,75.5,52.7,False,turn,1,60.00000000000001,cruise,21.66007814278173,False
11627.90580288705,11.62790580288705,25.49290611551648,51.449065982185125,75.5,52.7,False,turn,1,60.00000000000001,cruise,21.55858676707116,False
11632.796001746208,11.632796001746208,25.49287903572765,51.44910438310857,75.5,52.7,False,turn,1,60.00000000000001,cruise,21.45923181971216,False
11637.559417171848,11.637559417171847,25.4928524134357,51.44914157761094,75.5,52.7,False,turn,1,60.00000000000001,cruise,21.356830304476244,False
11642.440758768891,11.642440758768892,25.492824725189887,51.44917933524314,75.5,52.7,False,turn,1,60.00000000000001,cruise,21.251132438023973,False
11647.547753610219,11.647547753610219,25.49279530246385,51.44921842860084,75.5,52.7,False,turn,1,60.00000000000001,cruise,21.135672972992868,False
11652.701744456246,11.652701744456246,25.492765465004343,51.44925774968299,75.5,52.7,False,turn,1,60.00000000000001,cruise,21.00205113253342,False
11657.884840124134,11.657884840124133,25.492735396891003,51.44929723547895,75.5,52.7,False,turn,1,60.00000000000001,cruise,20.86160641209652,False
11663.007103425003,11.663007103425002,25.49270576242802,51.44933633228214,inf,inf,False,straight,-1,60.00000000000001,cruise,20.7072988111462,False
11667.973358443413,11.667973358443412,25.49267720073025,51.44937439406216,203.5,383.0,False,turn,2,60.00000000000001,cruise,20.53218501234105,True
11672.963138179992,11.672963138179991,25.492648579934425,51.44941270536163,203.5,383.0,False,turn,2,60.00000000000001,cruise,20.3412691442034,False
11677.985897579678,11.677985897579678,25.492619829965747,51.44945132416602,203.5,383.0,False,turn,2,60.00000000000001,cruise,20.144043797912914,False
11682.996420543464,11.682996420543464,25.49259121074993,51.44948990363248,203.5,383.0,False,turn,2,60.00000000000001,cruise,19.93598951784346,False
11688.00554180976,11.68800554180976,25.492562657954352,51.44952852479652,203.5,383.0,False,turn,2,60.00000000000001,cruise,19.72276602783873,False
11693.070269717553,11.693070269717554,25.4925338469526,51.44956762731987,203.5,383.0,False,turn,2,60.00000000000001,cruise,19.51183284922175,False
11698.127533147046,11.698127533147046,25.492505132051917,51.449606720094096,203.5,383.0,False,turn,2,60.00000000000001,cruise,19.3016342707664,False
11703.109251400136,11.703109251400136,25.492476900785707,51.44964527757022,203.5,383.0,False,turn,2,60.00000000000001,cruise,19.10217078465546,False
11708.093044066203,11.708093044066203,25.49244871824885,51.44968390474341,203.5,383.0,False,turn,2,60.00000000000001,cruise,18.9377710310065,False
11713.08612491056,11.71308612491056,25.49242053984421,51.44972265397894,203.5,383.0,False,turn,2,60.00000000000001,cruise,18.78248459875878,False
11718.095166323688,11.718095166323689,25.49239232805064,51.44976157701239,203.5,383.0,False,turn,2,60.00000000000001,cruise,18.65086434532814,False
11723.14204920994,11.72314204920994,25.492363971628603,51.44980085422153,203.5,383.0,False,turn,2,60.00000000000001,cruise,18.540343390839677,False
11728.190442119774,11.728190442119773,25.49233565186059,51.44984018267269,203.5,383.0,False,turn,2,60.00000000000001,cruise,18.433491051843856,False
11733.217784964989,11.733217784964989,25.492307481070927,51.4498793741075,203.5,383.0,False,turn,2,60.00000000000001,cruise,18.351552039549546,False
11738.20521471229,11.738205214712291,25.49227955672784,51.44991827425994,203.5,383.0,False,turn,2,60.00000000000001,cruise,18.27741349201432,False
11743.306454996342,11.743306454996342,25.492251053361027,51.44995811269913,203.5,383.0,False,turn,2,60.00000000000001,cruise,18.20518627039389,False
11748.514894713635,11.748514894713635,25.49222205880576,51.449998881617816,203.5,383.0,False,turn,2,60.00000000000001,cruise,18.12898354841491,False
11753.667483057336,11.753667483057336,25.492193654168997,51.45003945224878,203.5,383.0,False,turn,2,60.00000000000001,cruise,18.048293863487437,False
11758.747440071757,11.758747440071756,25.49216603875487,51.45007977768501,203.5,383.0,False,turn,2,60.00000000000001,cruise,17.95505792154511,False
11763.488522526175,11.763488522526176,25.492141081031114,51.45011807420645,203.5,383.0,False,turn,2,60.00000000000001,cruise,17.84994852449747,False
11768.049368024174,11.768049368024174,25.4921179335565,51.45015557786564,inf,inf,False,straight,-1,60.00000000000001,cruise,17.72708564206171,False
11772.938042661533,11.772938042661533,25.492093934515623,51.45019637120885,inf,inf,False,straight,-1,60.00000000000001,cruise,17.59159532947959,False
11777.915423878148,11.777915423878149,25.49207001230559,51.45023826506719,inf,inf,False,straight,-1,59.414406446131395,cruise,17.437890076314563,False
11782.927820913903,11.782927820913903,25.492046302002336,51.45028071419264,inf,inf,False,straight,-1,56.03844840683787,cruise,17.282278611910403,False
11787.985523349007,11.787985523349008,25.49202268559662,51.45032375404216,inf,inf,False,straight,-1,52.412028757644286,cruise,17.104298774729248,False
11793.020853818125,11.793020853818126,25.491999416126028,51.45036676381619,inf,inf,False,straight,-1,48.53322018178392,cruise,16.89818449533829,False
11798.03284657219,11.798032846572191,25.49197645561828,51.45040970550055,inf,inf,False,straight,-1,44.33667674349748,cruise,16.66634078949804,False
11803.067506825257,11.803067506825256,25.49195355744427,51.450452948686106,inf,inf,False,straight,-1,39.676765535751,cruise,16.396243786232397,False
11808.10892296674,11.80810892296674,25.49193077838061,51.450496345750174,inf,inf,False,straight,-1,34.383501919049095,cruise,16.09965104056099,False
11813.174529233946,11.813174529233946,25.491908032234484,51.450540041250015,inf,inf,False,straight,-1,28.077102074097905,cruise,15.777590137633672,False
11818.242264600478,11.818242264600478,25.49188542687365,51.45058384966373,inf,inf,False,straight,-1,19.85589481181234,cruise,15.429631903424346,False
11823.31243639546,11.82331243639546,25.49186298088211,51.4506277851977,inf,inf,True,straight,-1,0.0,cruise,15.059293386257046,False
11828.443014555307,11.828443014555306,25.49184046076318,51.450672363337056,inf,inf,False,straight,-1,60.00000000000001,brake,14.666713396043836,False
11833.58427656467,11.83358427656467,25.491818145173283,51.45071718730357,inf,inf,False,straight,-1,60.00000000000001,accel,0.0,False
11838.669447858712,11.838669447858713,25.491796417629,51.45076172829874,inf,inf,False,straight,-1,60.00000000000001,accel,10.552583845297589,False
11843.855342497818,11.843855342497818,25.49177462063777,51.45080736292458,inf,inf,False,straight,-1,60.00000000000001,accel,14.864399570187857,False
11848.97790687777,11.848977906877769,25.491753654249838,51.450852761940055,inf,inf,False,straight,-1,60.00000000000001,accel,18.25705653332604,False
11853.875041033163,11.853875041033163,25.49173442527077,51.450896608061456,inf,inf,False,straight,-1,60.00000000000001,accel,21.061813052460035,False
11858.812433615103,11.858812433615103,25.49171592813788,51.4509412749304,inf,inf,False,straight,-1,60.00000000000001,accel,23.088255767503185,False
11863.95832343014,11.863958323430142,25.49169764863679,51.45098831430391,inf,inf,False,straight,-1,60.00000000000001,accel,26.3182102009729,False
11868.904844822007,11.868904844822007,25.491681022210823,51.45103396270829,inf,inf,False,straight,-1,60.00000000000001,accel,26.3182102009729,False
11873.822684291836,11.873822684291836,25.49166545759407,51.451079758751504,inf,inf,False,straight,-1,60.00000000000001,accel,28.74245257377032,False
11878.941114347303,11.878941114347302,25.491650257053784,51.451127820331045,inf,inf,False,straight,-1,60.00000000000001,cruise,29.36532868446487,False
11884.020155657381,11.884020155657382,25.49163601802112,51.45117582604506,inf,inf,False,straight,-1,60.00000000000001,accel,29.11282447045018,False
11888.776144129377,11.888776144129377,25.49162353755916,51.451221074518905,inf,inf,False,straight,-1,60.00000000000001,cruise,29.36532868446487,False
11893.868631199197,11.893868631199197,25.49161172826944,51.45127001189478,110.0,111.9,False,turn,3,60.00000000000001,accel,29.086032354352387,True
11899.18928337502,11.899189283375021,25.4916007549844,51.451321518091945,110.0,111.9,False,turn,3,60.00000000000001,cruise,29.36532868446487,False
11904.465492727417,11.904465492727416,25.49159015985615,51.45137266709874,110.0,111.9,False,turn,3,60.00000000000001,accel,29.139896470024247,False
11909.709791004552,11.909709791004552,25.49157973108836,51.451423532327055,110.0,111.9,False,turn,3,60.00000000000001,cruise,29.36532868446487,False
11914.807208297063,11.914807208297063,25.491569156272327,51.45147286145562,110.0,111.9,False,turn,3,60.00000000000001,accel,29.160972904242985,False
11919.644149460635,11.919644149460636,25.491558443568398,51.45151948713871,110.0,111.9,False,turn,3,60.00000000000001,accel,29.02911081478843,False
11924.593461769218,11.924593461769218,25.491546989812797,51.45156705552362,110.0,111.9,False,turn,3,60.00000000000001,accel,29.03765086115993,False
11929.493806117076,11.929493806117076,25.491534877417667,51.45161391947498,110.0,111.9,False,turn,3,60.00000000000001,accel,29.03590654387344,False
11934.341083593123,11.934341083593123,25.491521879367152,51.451659942308495,110.0,111.9,False,turn,3,60.00000000000001,accel,29.022085094097264,False
11939.147015429617,11.939147015429617,25.491507638849395,51.45170508181465,110.0,111.9,False,turn,3,60.00000000000001,accel,29.022085094097264,False
11943.879900514103,11.943879900514103,25.49149176422944,51.45174877358686,110.0,111.9,False,turn,3,60.00000000000001,accel,28.99503476765368,False
11948.581298690953,11.948581298690954,25.49147350162844,51.45179097176688,110.0,111.9,False,turn,3,60.00000000000001,accel,28.94761425503871,False
11953.388036444825,11.953388036444824,25.491451694633863,51.45183229230316,inf,inf,False,straight,-1,60.00000000000001,accel,28.873402209055083,False
11958.28223669047,11.958282236690469,25.491425838942597,51.45187175275279,inf,inf,False,straight,-1,60.00000000000001,accel,28.777227559237733,False
11963.22748473888,11.96322748473888,25.491397267196547,51.45190953391657,63.7,37.6,False,turn,4,60.00000000000001,accel,28.65496973973874,True
11968.25437500059,11.96825437500059,25.49136651648583,51.451946290799405,63.7,37.6,False,turn,4,60.00000000000001,accel,28.57640331456307,False
11973.329970526973,11.973329970526972,25.491334305349117,51.45198218154397,63.7,37.6,False,turn,4,60.00000000000001,accel,28.52443562469512,False
11978.392517134143,11.978392517134143,25.491301398766915,51.45201711170904,63.7,37.6,False,turn,4,60.00000000000001,accel,28.487632468606463,False
11983.439292058074,11.983439292058074,25.49126804073267,51.45205128850538,63.7,37.6,False,turn,4,60.00000000000001,accel,28.460210696876963,False
11988.469090559904,11.988469090559903,25.49123439902405,51.45208487538133,63.7,37.6,False,turn,4,60.00000000000001,accel,28.43795564808044,False
11993.488984774891,11.99348898477489,25.491200538786646,51.4521180467278,63.7,37.6,False,turn,4,60.00000000000001,accel,28.419135435380767,False
11998.504486595486,11.998504486595486,25.49116650921402,51.45215094096383,63.7,37.6,False,turn,4,60.00000000000001,accel,28.405576467188965,False
12003.52208260356,12.00352208260356,25.49113233694472,51.45218368694515,63.7,37.6,False,turn,4,60.00000000000001,accel,28.398157387981453,False
12008.55692108879,12.00855692108879,25.49109797191461,51.45221644982383,63.7,37.6,False,turn,4,60.00000000000001,accel,28.398238323193077,False
12013.591635376386,12.013591635376386,25.491063597346614,51.45224919867171,63.7,37.6,False,turn,4,60.00000000000001,accel,28.410509317546342,False
12018.594884186414,12.018594884186413,25.49102948847397,51.452281807518496,63.7,37.6,False,turn,4,60.00000000000001,accel,28.43077709498798,False
12023.560957915644,12.023560957915645,25.490995734723565,51.45231430268731,inf,inf,False,straight,-1,60.00000000000001,accel,28.45397103632008,False
12028.483082814822,12.028483082814823,25.490962436605432,51.45234670699182,inf,inf,False,straight,-1,60.00000000000001,accel,28.478975384050244,False
12033.390815212082,12.033390815212082,25.490929445229423,51.45237927574466,121.0,135.4,False,turn,5,60.00000000000001,accel,28.500928195036607,True
12038.290382904532,12.038290382904531,25.490896796866448,51.452412141020574,121.0,135.4,False,turn,5,60.00000000000001,accel,28.5221311698099,False
12043.175064441972,12.043175064441972,25.490864645047555,51.45244537906776,121.0,135.4,False,turn,5,60.00000000000001,accel,28.54384440517385,False
12048.078094316674,12.048078094316674,25.49083291160144,51.45247936369959,121.0,135.4,False,turn,5,60.00000000000001,accel,28.564992911754697,False
12053.015498109746,12.053015498109746,25.4908016860206,51.45251439506654,121.0,135.4,False,turn,5,60.00000000000001,accel,28.583738751776824,False
12057.955428476589,12.057955428476589,25.490771440868265,51.452550489276994,121.0,135.4,False,turn,5,60.00000000000001,accel,28.5978486974271,False
12062.896922857008,12.062896922857007,25.490741985674767,51.4525873883872,121.0,135.4,False,turn,5,60.00000000000001,accel,28.60406536077994,False
12067.851280175164,12.067851280175164,25.49071310954262,51.45262500639808,121.0,135.4,False,turn,5,60.00000000000001,accel,28.622066323325857,False
12072.819222641943,12.072819222641943,25.490684713081304,51.452663239582485,121.0,135.4,False,turn,5,60.00000000000001,accel,28.649542236489992,False
12077.788936706778,12.077788936706778,25.49065681381081,51.45270193686167,121.0,135.4,False,turn,5,60.00000000000001,accel,28.684614574043497,False
12082.760505552817,12.082760505552816,25.490629402857333,51.45274107858817,121.0,135.4,False,turn,5,60.00000000000001,accel,28.7254334454089,False
12087.734002289726,12.087734002289727,25.4906025139467,51.45278068119035,121.0,135.4,False,turn,5,60.00000000000001,accel,28.770068211316847,False
12092.70941701561,12.09270941701561,25.49057616190596,51.45282074283704,121.0,135.4,False,turn,5,60.00000000000001,cruise,28.816716911963987,False
12097.68671333172,12.097686713331719,25.49055034475632,51.45286124773102,121.0,135.4,False,turn,5,60.00000000000001,cruise,28.644581225932328,False
12102.66584523533,12.102665845235329,25.490525060432635,51.45290218050168,inf,inf,False,straight,-1,60.00000000000001,cruise,28.474895233786835,False
12107.646772196062,12.107646772196063,25.490500306166684,51.45294352590626,inf,inf,False,straight,-1,60.00000000000001,accel,28.30668748442483,False
12112.62944696489,12.11262944696489,25.490476078829765,51.45298526894836,inf,inf,False,straight,-1,60.00000000000001,cruise,28.350215339592538,False
12117.613824676282,12.117613824676281,25.49045237494971,51.45302739499149,inf,inf,False,straight,-1,60.00000000000001,accel,28.18254971596659,False
12122.599857836478,12.122599857836478,25.49042919052793,51.45306988957107,inf,inf,False,straight,-1,60.00000000000001,accel,28.246585384026275,False
12127.587498717163,12.127587498717164,25.490406521438597,51.4531127386873,inf,inf,False,straight,-1,60.00000000000001,accel,28.31023302566907,False
12132.576700108859,12.132576700108858,25.4903843630259,51.45315592853982,inf,inf,False,straight,-1,60.00000000000001,cruise,28.350215339592538,False
12137.567413508017,12.137567413508018,25.49036270757444,51.4531994439888,inf,inf,False,straight,-1,60.00000000000001,accel,28.18572917200997,False
12142.559173611075,12.142559173611074,25.490341533752343,51.45324325787824,inf,inf,False,straight,-1,60.00000000000001,accel,28.255149163763296,False
12147.551933071607,12.147551933071608,25.490320859716675,51.453287371611,inf,inf,False,straight,-1,60.00000000000001,accel,28.32585598489628,False
12152.54605638958,12.15254605638958,25.490300745597857,51.453331813476375,inf,inf,False,straight,-1,60.00000000000001,cruise,28.350215339592538,False
12157.541446148196,12.157541446148196,25.490281303513303,51.4533766307256,inf,inf,False,straight,-1,60.00000000000001,accel,28.19201741068573,False
12162.53776586754,12.16253776586754,25.4902623924422,51.45342173301383,inf,inf,False,straight,-1,60.00000000000001,accel,28.26357047340588,False
12167.535301550466,12.167535301550465,25.49024391204025,51.453467064652834,inf,inf,False,straight,-1,60.00000000000001,accel,28.341409136450427,False
12172.534102564774,12.172534102564773,25.49022579869695,51.45351258944118,inf,inf,False,straight,-1,60.00000000000001,cruise,28.350215339592538,False
12177.533861276213,12.177533861276213,25.49020802121578,51.45355828495203,inf,inf,False,straight,-1,60.00000000000001,accel,28.2051706630247,False
12182.534749654302,12.182534749654302,25.490190575386283,51.45360414747839,inf,inf,False,straight,-1,60.00000000000001,accel,28.292495596603057,False
12187.536901208985,12.187536901208984,25.490173485878763,51.45365018607298,inf,inf,False,straight,-1,60.00000000000001,cruise,28.350215339592538,False
12192.529568490547,12.192529568490547,25.49015684622047,51.4536963227236,174.1,280.5,False,turn,6,60.00000000000001,accel,28.204304753613197,True
12197.512282194322,12.197512282194323,25.490140751826196,51.453742587514085,174.1,280.5,False,turn,6,60.00000000000001,accel,28.28918432845088,False
12202.493421047431,12.202493421047432,25.49012531449097,51.45378910652706,174.1,280.5,False,turn,6,60.00000000000001,cruise,28.350215339592538,False
12207.472557627274,12.207472557627273,25.490110732054134,51.45383593800055,174.1,280.5,False,turn,6,60.00000000000001,accel,28.20391470183249,False
12212.451564231316,12.212451564231316,25.49009680966885,51.45388301122407,174.1,280.5,False,turn,6,60.00000000000001,accel,28.286063603721782,False
12217.441153938558,12.217441153938559,25.490083380586224,51.45393036828153,174.1,280.5,False,turn,6,60.00000000000001,accel,28.36433973036569,False
12222.441430990255,12.222441430990255,25.49007035068936,51.45397797146207,174.1,280.5,False,turn,6,60.00000000000001,accel,28.4376220474156,False
12227.443855489668,12.227443855489668,25.490057684646807,51.45402571589879,174.1,280.5,False,turn,6,60.00000000000001,accel,28.513461899789828,False
12232.448545852954,12.232448545852954,25.4900453065173,51.45407357530022,174.1,280.5,False,turn,6,60.00000000000001,accel,28.59114547124332,False
12237.453456926709,12.237453456926708,25.49003316209157,51.45412150957467,174.1,280.5,False,turn,6,60.00000000000001,accel,28.668938484932465,False
12242.458878568972,12.242458878568971,25.49002121142732,51.454169508167695,174.1,280.5,False,turn,6,60.00000000000001,accel,28.74557896589253,False
12247.465146369488,12.247465146369487,25.49000943096207,51.454217566501065,174.1,280.5,False,turn,6,60.00000000000001,accel,28.82161701148801,False
12252.472601001558,12.252472601001559,25.489997811726514,51.45426568464973,174.1,280.5,False,turn,6,60.00000000000001,accel,28.89814733685637,False
12257.48154268327,12.257481542683271,25.4899863587711,51.4543138664306,174.1,280.5,False,turn,6,60.00000000000001,accel,28.97433185426627,False
12262.492184647916,12.262492184647916,25.48997509176498,51.45436211883639,174.1,280.5,False,turn,6,60.00000000000001,accel,29.04977367693699,False
12267.504609077278,12.267504609077278,25.489964046813384,51.45441045177309,174.1,280.5,False,turn,6,60.00000000000001,accel,29.125221800650078,False
12272.577888218651,12.27257788821865,25.48995316419713,51.4544594525464,174.1,280.5,False,turn,6,60.00000000000001,accel,29.2006766402663,False
12277.637854543784,12.277637854543784,25.48994265768149,51.454508416807,174.1,280.5,False,turn,6,60.00000000000001,accel,29.276489810369164,False
12282.621791155303,12.282621791155304,25.489932750257974,51.45455675764208,174.1,280.5,False,turn,6,60.00000000000001,accel,29.353002659435905,False
12287.519671022395,12.287519671022395,25.489923602034,51.45460440541378,174.1,280.5,False,turn,6,60.00000000000001,accel,29.425552573529625,False
12292.423894064783,12.292423894064783,25.489915242343333,51.45465229287704,174.1,280.5,False,turn,6,60.00000000000001,accel,29.49186670663989,False
12297.316504991166,12.297316504991166,25.489907935846528,51.45470027184728,174.1,280.5,False,turn,6,60.00000000000001,accel,29.551143113265702,False
12301.802008529385,12.301802008529386,25.489902478798157,51.45474446620802,174.1,280.5,False,turn,6,60.00000000000001,accel,29.60031530086396,False
12306.895443664336,12.306895443664336,25.489898789851956,51.45479494914961,174.1,280.5,False,turn,6,60.00000000000001,accel,29.632877186213957,False
12312.433648396167,12.312433648396167,25.489896885924026,51.4548499779542,174.1,280.5,False,turn,6,60.00000000000001,accel,29.628988323816447,False
12317.78736139143,12.317787361391431,25.489895424092296,51.45490318786879,inf,inf,False,straight,-1,60.00000000000001,accel,29.652039704523744,False
12323.0263017587,12.3230263017587,25.48989397018892,51.45495525628515,inf,inf,False,straight,-1,60.00000000000001,accel,29.72607808610204,False
12327.923240297314,12.327923240297315,25.48989183341376,51.45500389173234,inf,inf,False,straight,-1,60.00000000000001,accel,29.81373575063422,False
12332.636793864645,12.332636793864646,25.489888891715044,51.45505064847537,inf,inf,False,straight,-1,60.00000000000001,cruise,29.878214047383462,False
12337.653567929554,12.337653567929554,25.48988479973224,51.4551003283574,inf,inf,False,straight,-1,60.00000000000001,cruise,29.74554522467698,False
12342.665072890217,12.342665072890217,25.48988026250341,51.45514990863887,inf,inf,False,straight,-1,60.00000000000001,cruise,29.60758431240014,False
12347.784096606207,12.347784096606206,25.489875278923268,51.45520051240567,inf,inf,False,straight,-1,60.00000000000001,cruise,29.49395639723005,False
12352.955178741779,12.352955178741778,25.489870059996544,51.45525160831581,inf,inf,False,straight,-1,60.00000000000001,cruise,29.39300044604648,False
12358.134686186202,12.358134686186203,25.489864818906987,51.45530278578202,inf,inf,False,straight,-1,60.00000000000001,cruise,29.309892598185133,False
12363.3379175449,12.3633379175449,25.489859653936037,51.45535420998051,inf,inf,False,straight,-1,60.00000000000001,cruise,29.250734030034216,False
12368.308210863273,12.368308210863274,25.489855341773136,51.45540340295232,inf,inf,False,straight,-1,60.00000000000001,cruise,29.205862576219403,False
12373.037424891554,12.373037424891555,25.48985187324436,51.45545027209214,inf,inf,False,straight,-1,60.00000000000001,cruise,29.15322221759592,False
12377.982360845248,12.377982360845248,25.48984860590237,51.45549930982043,inf,inf,False,straight,-1,60.00000000000001,cruise,29.10958230122319,False
12382.95675520109,12.382956755201091,25.48984562777144,51.45554866345844,inf,inf,False,straight,-1,60.00000000000001,cruise,29.08557249815922,False
12387.919765868779,12.387919765868778,25.48984292548387,51.45559792295538,inf,inf,False,straight,-1,60.00000000000001,cruise,29.062501296513123,False
12392.991586800184,12.392991586800184,25.489840389739875,51.4556482768426,inf,inf,False,straight,-1,60.00000000000001,cruise,29.048741102512395,False
12398.117706724717,12.398117706724717,25.489838033183503,51.45569918191833,inf,inf,False,straight,-1,60.00000000000001,cruise,29.044548462776483,False
12403.141789066063,12.403141789066064,25.48983594926761,51.45574908576563,inf,inf,False,straight,-1,60.00000000000001,cruise,29.04705280373649,False
12408.137564911309,12.408137564911309,25.48983406277905,51.45579871743279,inf,inf,False,straight,-1,60.00000000000001,cruise,29.056694521260308,False
12413.155037979493,12.413155037979493,25.489832332148712,51.45584857189397,inf,inf,False,straight,-1,60.00000000000001,cruise,29.07381391136477,False
12418.178134400061,12.41817813440006,25.48983077289946,51.45589848916456,inf,inf,False,straight,-1,60.00000000000001,cruise,29.09994234368597,False
12423.180485450106,12.423180485450105,25.48982941977405,51.45594820735831,inf,inf,False,straight,-1,60.00000000000001,cruise,29.131106303776377,False
12428.178843885136,12.428178843885137,25.489828303021483,51.45599789296315,inf,inf,False,straight,-1,60.00000000000001,cruise,29.165074468767347,False
12433.155025938362,12.433155025938362,25.489827486994365,51.45604736511919,inf,inf,False,straight,-1,60.00000000000001,cruise,29.200827968211996,False
12438.097262301284,12.438097262301284,25.489827058772494,51.45609650564019,inf,inf,False,straight,-1,60.00000000000001,cruise,29.23564043124684,False
12443.045359257709,12.44304535925771,25.48982694363986,51.45614570653604,inf,inf,False,straight,-1,60.00000000000001,cruise,29.27001871634127,False
12448.041951100711,12.448041951100711,25.48982709365693,51.45619538952607,inf,inf,False,straight,-1,60.00000000000001,cruise,29.30273575003068,False
12453.064046566897,12.453064046566897,25.489827470646308,51.45624532465775,inf,inf,False,straight,-1,60.00000000000001,cruise,29.335228852900386,False
12458.08742150387,12.458087421503869,25.489828055051827,51.45629527009001,inf,inf,False,straight,-1,60.00000000000001,cruise,29.365945481799532,False
12463.240536750294,12.463240536750295,25.489828896948712,51.45634650134149,inf,inf,False,straight,-1,60.00000000000001,cruise,29.39440675682493,False
12468.35393741675,12.468353937416751,25.48982994439478,51.456397332993696,inf,inf,False,straight,-1,60.00000000000001,cruise,29.41964614203635,False
12473.313466248885,12.473313466248884,25.489831174703603,51.456446629099794,inf,inf,False,straight,-1,60.00000000000001,cruise,29.445522589613446,False
12478.222941412438,12.478222941412438,25.48983260584746,51.45649542066486,inf,inf,False,straight,-1,60.00000000000001,cruise,29.470660686556435,False
12483.225534172729,12.483225534172728,25.489834284954725,51.45654512920051,inf,inf,False,straight,-1,60.00000000000001,cruise,29.494362463525597,False
12488.198159081856,12.488198159081856,25.48983612775441,51.45659453246618,inf,inf,False,straight,-1,60.00000000000001,cruise,29.51856616350432,False
12493.120815848819,12.493120815848819,25.48983813198294,51.45664343074903,inf,inf,False,straight,-1,60.00000000000001,cruise,29.544627975021392,False
12498.19787559061,12.49819787559061,25.489840479522957,51.45669384786863,inf,inf,False,straight,-1,60.00000000000001,cruise,29.570684541255783,False
12503.282302688525,12.503282302688525,25.489843013821503,51.45674432738471,inf,inf,False,straight,-1,60.00000000000001,cruise,29.59190582655117,False
12508.267839664899,12.5082678396649,25.48984563125838,51.45679381681099,inf,inf,False,straight,-1,60.00000000000001,cruise,29.61479546808336,False
12513.220251582781,12.513220251582782,25.489848383997664,51.45684296733032,inf,inf,False,straight,-1,60.00000000000001,cruise,29.62803413913267,False
12518.214327048383,12.518214327048383,25.48985134602454,51.45689251826747,inf,inf,False,straight,-1,60.00000000000001,cruise,29.63170708645853,False
12523.183861270427,12.523183861270427,25.48985444173786,51.45694181468371,inf,inf,False,straight,-1,60.00000000000001,cruise,29.630328712772958,False
12528.274322841822,12.528274322841822,25.4898578763084,51.4569922897471,inf,inf,False,straight,-1,60.00000000000001,cruise,29.62116664980808,False
12533.344954414228,12.533344954414227,25.48986145968872,51.45704255447343,inf,inf,False,straight,-1,60.00000000000001,cruise,29.602053276077832,False
12538.354570447036,12.538354570447035,25.48986512473025,51.45709220337282,inf,inf,False,straight,-1,60.00000000000001,cruise,29.57780135156985,False
12543.396363334608,12.543396363334608,25.48986896914208,51.45714215691327,inf,inf,False,straight,-1,60.00000000000001,cruise,29.54182725379218,False
12548.444103614687,12.548444103614687,25.48987296785008,51.45719215512076,inf,inf,False,straight,-1,60.00000000000001,cruise,29.497212170382134,False
12553.400570495429,12.553400570495429,25.489877042613287,51.45724123458759,inf,inf,False,straight,-1,60.00000000000001,cruise,29.44275080174858,False
12558.361736320227,12.558361736320226,25.48988125383199,51.45729034700752,inf,inf,False,straight,-1,60.00000000000001,cruise,29.38169353137677,False
12563.358580035725,12.563358580035725,25.48988560724355,51.45733980081777,inf,inf,False,straight,-1,60.00000000000001,cruise,29.31329590110327,False
12568.345542216872,12.568345542216871,25.489890018876103,51.45738914963657,inf,inf,False,straight,-1,60.00000000000001,cruise,29.237076431852657,False
12573.339611729876,12.573339611729876,25.489894496071923,51.45743856231305,inf,inf,False,straight,-1,60.00000000000001,cruise,29.15881685975058,False
12578.359513731666,12.578359513731666,25.48989904144583,51.45748822560863,inf,inf,False,straight,-1,60.00000000000001,cruise,29.076632353576,False
12583.356069784288,12.583356069784287,25.48990358267718,51.4575376560451,inf,inf,False,straight,-1,60.00000000000001,cruise,28.986709136556662,False
12588.35921887041,12.58835921887041,25.48990813629102,51.45758715099293,inf,inf,False,straight,-1,60.00000000000001,cruise,28.887252079296577,False
12593.342163482212,12.593342163482212,25.48991266098942,51.45763644723648,inf,inf,False,straight,-1,60.00000000000001,cruise,28.780759597274532,False
12598.312148143774,12.598312148143775,25.489917148228788,51.45768561812034,inf,inf,False,straight,-1,60.00000000000001,cruise,28.666394023201573,False
12603.28242284744,12.60328242284744,25.48992160258365,51.45773479553039,inf,inf,False,straight,-1,60.00000000000001,cruise,28.548444878672697,False
12608.26523593788,12.60826523593788,25.489926022398155,51.45778410200417,inf,inf,False,straight,-1,60.00000000000001,cruise,28.4302434651914,False
12613.194211403252,12.613194211403252,25.489930324357186,51.45783288330101,inf,inf,False,straight,-1,60.00000000000001,cruise,28.31031370922013,False
12618.150355909638,12.618150355909638,25.4899345707928,51.45788194188604,inf,inf,False,straight,-1,60.00000000000001,cruise,28.190773663743773,False
12623.139200204841,12.623139200204841,25.48993876598749,51.457931332397706,inf,inf,False,straight,-1,60.00000000000001,cruise,28.0713470075304,False
12628.110660711001,12.628110660711002,25.489942891525644,51.45798055644134,inf,inf,False,straight,-1,60.00000000000001,cruise,27.9531388333368,False
12633.080460458032,12.633080460458032,25.489946959543367,51.4580297697115,inf,inf,False,straight,-1,60.00000000000001,cruise,27.83900320933392,False
12638.044876789529,12.638044876789529,25.48995096359166,51.458078935602565,inf,inf,False,straight,-1,60.00000000000001,cruise,27.72989322349968,False
12643.009768761161,12.64300976876116,25.48995490131313,51.45812811274104,inf,inf,False,straight,-1,60.00000000000001,cruise,27.626250310564096,False
12647.97681955499,12.647976819554989,25.48995876124977,51.458177318907865,inf,inf,False,straight,-1,60.00000000000001,cruise,27.528462614432417,False
12652.945504283423,12.652945504283423,25.489962522096228,51.45822655068881,inf,inf,False,straight,-1,60.00000000000001,cruise,27.436904657604817,False
12657.916263422703,12.657916263422702,25.489966155349947,51.45827581478925,inf,inf,False,straight,-1,60.00000000000001,cruise,27.35233818857389,False
12662.904331556225,12.662904331556225,25.489969637716037,51.458325264739806,inf,inf,False,straight,-1,60.00000000000001,cruise,27.27035793469056,False
12667.955634419113,12.667955634419114,25.489972957516148,51.45837535871998,inf,inf,False,straight,-1,60.00000000000001,cruise,27.196409328338643,False
12673.058654899492,12.673058654899492,25.48997600351659,51.45842598919491,inf,inf,False,straight,-1,60.00000000000001,accel,27.13046706198132,False
12678.135851820069,12.678135851820068,25.489978595446733,51.45847639315232,inf,inf,False,straight,-1,60.00000000000001,accel,27.32779755729884,False
12683.192785621733,12.683192785621733,25.489980606339174,51.45852662761043,inf,inf,False,straight,-1,60.00000000000001,accel,27.542519043824505,False
12688.113075397734,12.688113075397734,25.48998170250691,51.45857553726835,inf,inf,False,straight,-1,60.00000000000001,accel,27.76312154231936,False
12692.793780484557,12.692793780484557,25.48998150448469,51.458622079023975,inf,inf,False,straight,-1,60.00000000000001,accel,27.978348841661795,False
12697.37189980224,12.69737189980224,25.48997985932774,51.45866756515078,inf,inf,False,straight,-1,60.00000000000001,accel,28.178153752422528,False
12701.889718616052,12.701889718616052,25.48997642070897,51.45871232779646,inf,inf,False,straight,-1,60.00000000000001,accel,28.36608375495307,False
12706.466176778826,12.706466176778825,25.48997065636554,51.45875738831443,95.5,84.4,False,turn,7,60.00000000000001,accel,28.54474992361764,True
12711.06052555277,12.711060525552769,25.48996291468634,51.45880226890819,95.5,84.4,False,turn,7,60.00000000000001,accel,28.717495823011557,False
12715.663681145379,12.71566368114538,25.489953349797613,51.458846810908746,95.5,84.4,False,turn,7,60.00000000000001,accel,28.899541689731304,False
12720.493387992386,12.720493387992386,25.4899414644986,51.458893015750334,95.5,84.4,False,turn,7,60.00000000000001,accel,29.088160053479037,False
12725.273967550183,12.725273967550184,25.489928122044088,51.458938221970165,95.5,84.4,False,turn,7,60.00000000000001,accel,29.294292388240883,False
12729.752182797547,12.729752182797547,25.48991403289409,51.45897995869185,95.5,84.4,False,turn,7,60.00000000000001,accel,29.51073680828804,False
12733.849827338146,12.733849827338146,25.48989931059248,51.45901733688481,95.5,84.4,False,turn,7,60.00000000000001,accel,29.705596486946227,False
12737.94868278249,12.73794868278249,25.48988263497797,51.45905371948674,95.5,84.4,False,turn,7,60.00000000000001,accel,29.859260976959053,False
12741.953410771395,12.741953410771396,25.489864276479214,51.45908802310252,95.5,84.4,False,turn,7,60.00000000000001,accel,29.997697196361315,False
12746.171949492636,12.746171949492636,25.48984311006785,51.459122893034,95.5,84.4,False,turn,7,60.00000000000001,accel,30.115641803408927,False
12750.71196342862,12.75071196342862,25.4898188104985,51.459159244814096,95.5,84.4,False,turn,7,60.00000000000001,accel,30.24349584215857,False
12755.41128992658,12.75541128992658,25.48979240500661,51.45919581555523,95.5,84.4,False,turn,7,60.00000000000001,accel,30.389242889724024,False
12760.200929606128,12.760200929606128,25.4897642745554,51.45923198189537,95.5,84.4,False,turn,7,60.00000000000001,accel,30.537709056678864,False
12764.856294325575,12.764856294325575,25.489735645662023,51.45926586823465,95.5,84.4,False,turn,7,60.00000000000001,accel,30.671378169876306,False
12769.392632126308,12.769392632126308,25.489706576817333,51.45929763789727,95.5,84.4,False,turn,7,60.00000000000001,accel,30.773545433549504,False
12773.888993198,12.773888993198,25.4896767073326,51.45932790919301,95.5,84.4,False,turn,7,60.00000000000001,accel,30.85542708239338,False
12778.491260233364,12.778491260233364,25.489645178487272,51.45935770855496,95.5,84.4,False,turn,7,60.00000000000001,accel,30.92362252797226,False
12783.223315597967,12.783223315597967,25.48961188774677,51.45938719090009,95.5,84.4,False,turn,7,60.00000000000001,accel,30.9851577988845,False
12788.350774336071,12.788350774336072,25.489574788470502,51.459417676486,95.5,84.4,False,turn,7,60.00000000000001,accel,31.046629901606277,False
12793.479927732482,12.793479927732482,25.489537137853123,51.45944735952129,95.5,84.4,False,turn,7,60.00000000000001,accel,31.097620250817528,False
12798.499382243474,12.798499382243474,25.48949989026631,51.45947577847759,95.5,84.4,False,turn,7,60.00000000000001,accel,31.16605789544804,False
12803.544381179336,12.803544381179336,25.48946202990724,51.45950365698441,95.5,84.4,False,turn,7,60.00000000000001,accel,31.226408276005856,False
12808.58755529917,12.80858755529917,25.489423767529907,51.45953082788948,95.5,84.4,False,turn,7,60.00000000000001,accel,31.273156388283027,False
12813.413385971433,12.813413385971433,25.489386720485136,51.45955607146296,95.5,84.4,False,turn,7,60.00000000000001,accel,31.312613655464315,False
12818.313079174288,12.818313079174288,25.489348688047112,51.459580940983216,95.5,84.4,False,turn,7,60.00000000000001,accel,31.33897314469253,False
12823.357063821275,12.823357063821275,25.48930915796265,51.45960582882525,95.5,84.4,False,turn,7,60.00000000000001,accel,31.3658042365354,False
12828.3823652184,12.8283823652184,25.48926956665569,51.459630219941886,95.5,84.4,False,turn,7,60.00000000000001,accel,31.376867361590755,False
12833.384695774963,12.833384695774964,25.489230004623764,51.4596541983448,95.5,84.4,False,turn,7,60.00000000000001,accel,31.38459461576947,False
12838.30325530132,12.83830325530132,25.48919101617093,51.45967759625298,95.5,84.4,False,turn,7,60.00000000000001,accel,31.38026069504559,False
12843.142230191912,12.843142230191912,25.489152584431512,51.45970046503508,95.5,84.4,False,turn,7,60.00000000000001,accel,31.358389726511724,False
12848.012295296097,12.848012295296098,25.489113832564144,51.459723330842586,95.5,84.4,False,turn,7,60.00000000000001,accel,31.329082603125222,False
12852.861433819326,12.852861433819326,25.48907516603497,51.45974593066953,inf,inf,False,straight,-1,60.00000000000001,accel,31.282333197448004,False
12857.709526407105,12.857709526407104,25.489036414612634,51.459768330996994,inf,inf,False,straight,-1,60.00000000000001,accel,31.219953257815742,False
12862.555969595987,12.862555969595988,25.488997563188867,51.45979048449197,inf,inf,False,straight,-1,60.00000000000001,accel,31.14332774157645,False
12867.371313902384,12.867371313902384,25.48895881500848,51.45981218219842,inf,inf,False,straight,-1,60.00000000000001,accel,31.055024191859395,False
12872.42639080079,12.87242639080079,25.488917958447363,51.45983456736902,inf,inf,False,straight,-1,60.00000000000001,accel,30.95822376924303,False
12877.575724955264,12.877575724955264,25.48887603301935,51.45985667688652,inf,inf,False,straight,-1,60.00000000000001,accel,30.84714590951252,False
12882.746869630975,12.882746869630974,25.488833487563664,51.45987783193543,inf,inf,False,straight,-1,60.00000000000001,accel,30.717525964854023,False
12887.957058568216,12.887957058568215,25.48879001994492,51.45989761497136,inf,inf,False,straight,-1,60.00000000000001,accel,30.55956690783137,False
12892.757256687863,12.892757256687862,25.48874895396402,51.45991284397698,inf,inf,False,straight,-1,60.00000000000001,accel,30.37328879476198,False
12897.184951338662,12.897184951338662,25.48871021876433,51.45992369511263,inf,inf,False,straight,-1,60.00000000000001,accel,30.166779597096124,False
12901.946636933553,12.901946636933554,25.488667993138737,51.4599325446044,inf,inf,False,straight,-1,60.00000000000001,accel,29.96463192550338,False
12906.716585791346,12.906716585791346,25.48862528116952,51.45993854271224,inf,inf,False,straight,-1,60.00000000000001,accel,29.7934640424048,False
12911.500384747134,12.911500384747134,25.48858219981228,51.45994179949001,inf,inf,False,straight,-1,60.00000000000001,accel,29.631343881785583,False
12916.368387686505,12.916368387686505,25.488538259177577,51.45994227857902,82.4,62.9,False,turn,8,60.00000000000001,accel,29.472294104959143,True
12921.25202172579,12.92125202172579,25.48849423988879,51.459939650701386,82.4,62.9,False,turn,8,60.00000000000001,accel,29.313678996436103,False
12926.05921088431,12.92605921088431,25.488451226913643,51.45993333163451,82.4,62.9,False,turn,8,60.00000000000001,accel,29.167953409140427,False
12930.920291141014,12.930920291141014,25.48840823731353,51.459923642184826,82.4,62.9,False,turn,8,60.00000000000001,accel,29.041107032705312,False
12935.872792029657,12.935872792029658,25.488364973327016,51.45991123764252,82.4,62.9,False,turn,8,60.00000000000001,accel,28.925480688306354,False
12940.762938731037,12.940762938731037,25.48832276978136,51.459896984040434,82.4,62.9,False,turn,8,60.00000000000001,accel,28.82107237662986,False
12945.681528302675,12.945681528302675,25.48828086209556,51.459880830261945,82.4,62.9,False,turn,8,60.00000000000001,accel,28.72613124785668,False
12950.704093445927,12.950704093445927,25.48823864874563,51.45986261096947,82.4,62.9,False,turn,8,60.00000000000001,accel,28.625569501382984,False
12955.651510986349,12.955651510986348,25.48819768018627,51.45984302769208,82.4,62.9,False,turn,8,60.00000000000001,accel,28.517275153558447,False
12960.56868101479,12.960568681014792,25.488157496733745,51.45982225964168,82.4,62.9,False,turn,8,60.00000000000001,accel,28.404622402908448,False
12965.62557738638,12.96562557738638,25.4881166711718,51.4597997654793,82.4,62.9,False,turn,8,60.00000000000001,accel,28.30541532217791,False
12970.787083522026,12.970787083522026,25.488075400001765,51.45977594770066,82.4,62.9,False,turn,8,60.00000000000001,accel,28.21202763709372,False
12975.909248284896,12.975909248284896,25.48803473800606,51.45975170213088,82.4,62.9,False,turn,8,60.00000000000001,accel,28.125555575188155,False
12980.937327397221,12.980937327397221,25.48799506258471,51.45972742050425,82.4,62.9,False,turn,8,60.00000000000001,accel,28.044638866914365,False
12985.977110675734,12.985977110675734,25.487955495553,51.45970268854335,82.4,62.9,False,turn,8,60.00000000000001,accel,27.964591690926987,False
12991.01535387215,12.99101535387215,25.48791611550607,51.4596776276737,82.4,62.9,False,turn,8,60.00000000000001,accel,27.88319032259797,False
12995.94549789207,12.99594549789207,25.487877752107803,51.4596527799622,82.4,62.9,False,turn,8,60.00000000000001,accel,27.802717101901948,False
13000.855203435876,13.000855203435876,25.48783971378336,51.45962772681066,82.4,62.9,False,turn,8,60.00000000000001,accel,27.72535903708772,False
13005.90624769814,13.00590624769814,25.48780074800543,51.45960164618959,82.4,62.9,False,turn,8,60.00000000000001,accel,27.652712861277468,False
13010.940697649656,13.010940697649655,25.48776204254528,51.45957541290678,82.4,62.9,False,turn,8,60.00000000000001,accel,27.58353342226437,False
13015.903388072287,13.015903388072287,25.48772401015208,51.4595493375064,82.4,62.9,False,turn,8,60.00000000000001,accel,27.522750819809254,False
13020.852676243914,13.020852676243914,25.487686200925825,51.45952312054497,82.4,62.9,False,turn,8,60.00000000000001,accel,27.47035342912965,False
13025.88580761014,13.025885807610141,25.487647878851355,51.45949623736405,inf,inf,False,straight,-1,60.00000000000001,accel,27.42643528619848,False
13030.908089628598,13.030908089628598,25.48760977078286,51.45946918619431,inf,inf,False,straight,-1,60.00000000000001,accel,27.390360968915925,False
13035.802418301131,13.035802418301131,25.487572785580724,51.45944256621506,inf,inf,False,straight,-1,60.00000000000001,accel,27.36253884244421,False
13040.774795559179,13.040774795559178,25.48753537832277,51.459415241041135,inf,inf,False,straight,-1,60.00000000000001,accel,27.342716189176063,False
13045.818711109354,13.045818711109353,25.4874975998114,51.45938724742816,inf,inf,False,straight,-1,60.00000000000001,accel,27.326628202725217,False
13050.835664031089,13.050835664031089,25.48746018744693,51.45935913644673,inf,inf,False,straight,-1,60.00000000000001,accel,27.32006109266701,False
13055.882299171713,13.055882299171714,25.48742275354809,51.459330539147146,inf,inf,False,straight,-1,60.00000000000001,accel,27.324251832055303,False
13061.02452265407,13.06102452265407,25.48738486194885,51.45930100497949,inf,inf,False,straight,-1,60.00000000000001,accel,27.33605031739187,False
13066.171178027964,13.066171178027965,25.487347241728934,51.45927097764761,inf,inf,False,straight,-1,60.00000000000001,accel,27.3608583374574,False
13071.270489059618,13.071270489059618,25.48731035878528,51.45924064071211,inf,inf,False,straight,-1,60.00000000000001,accel,27.39207877448113,False
13076.397938329997,13.076397938329997,25.48727375685412,51.459209434335634,inf,inf,False,straight,-1,60.00000000000001,accel,27.42713252327248,False
13081.475004042122,13.081475004042122,25.48723820456412,51.45917757682398,inf,inf,False,straight,-1,60.00000000000001,accel,27.464627177386102,False
13086.468260259115,13.086468260259114,25.48720420458457,51.459144981430704,inf,inf,False,straight,-1,60.00000000000001,accel,27.49614063493552,False
13091.467662749801,13.091467662749801,25.4871714883902,51.45911074026083,inf,inf,False,straight,-1,60.00000000000001,accel,27.51596629834518,False
13096.480229891693,13.096480229891693,25.487140568588394,51.45907435073046,inf,inf,False,straight,-1,60.00000000000001,accel,27.51991467692883,False
13101.432236880455,13.101432236880456,25.48711181925233,51.45903664557808,inf,inf,False,straight,-1,60.00000000000001,accel,27.502324807373,False
13106.418332631583,13.106418332631584,25.48708468900241,51.45899708608123,inf,inf,False,straight,-1,60.00000000000001,accel,27.48686580527642,False
13111.518574905467,13.111518574905467,25.48705887449892,51.45895509425267,inf,inf,False,straight,-1,60.00000000000001,accel,27.468545558550844,False
13116.623093341152,13.116623093341152,25.48703527731956,51.45891149873907,inf,inf,False,straight,-1,60.00000000000001,accel,27.44312635157917,False
13121.730938008073,13.121730938008072,25.487014356587288,51.458866238358056,75.9,53.2,False,turn,9,60.00000000000001,accel,27.397599453740614,True
13126.840276075152,13.126840276075152,25.486996446379948,51.458819421081714,75.9,53.2,False,turn,9,60.00000000000001,accel,27.32827350333269,False
13131.948584086778,13.131948584086778,25.48698168940291,51.45877129827837,75.9,53.2,False,turn,9,60.00000000000001,accel,27.24068867717549,False
13137.05324924507,13.137053249245069,25.486969574614317,51.45872232607739,75.9,53.2,False,turn,9,60.00000000000001,accel,27.141866211372356,False
13142.259104758296,13.142259104758296,25.48695950724917,51.4586717638446,75.9,53.2,False,turn,9,60.00000000000001,accel,27.05227419018177,False
13147.388848686778,13.147388848686779,25.48695161225083,51.458621503439325,75.9,53.2,False,turn,9,60.00000000000001,accel,26.966053028804517,False
13152.454019448991,13.15245401944899,25.486945944353288,51.45857152673765,75.9,53.2,False,turn,9,60.00000000000001,accel,26.88060009316928,False
13157.582381112337,13.157582381112338,25.486942649291663,51.45852066256855,75.9,53.2,False,turn,9,60.00000000000001,accel,26.784850543801905,False
13162.64329220007,13.16264329220007,25.4869421780312,51.4584703424273,75.9,53.2,False,turn,9,60.00000000000001,accel,26.67346869534972,False
13167.64146160922,13.16764146160922,25.48694383286573,51.45842067691686,75.9,53.2,False,turn,9,60.00000000000001,accel,26.547298442118976,False
13172.786145235204,13.172786145235204,25.486947257410115,51.458369660386005,75.9,53.2,False,turn,9,60.00000000000001,accel,26.43617186575221,False
13177.908900723825,13.177908900723825,25.48695183249684,51.45831897253791,75.9,53.2,False,turn,9,60.00000000000001,accel,26.333171904808506,False
13182.963866669857,13.182963866669857,25.486957210338744,51.4582690591394,75.9,53.2,False,turn,9,60.00000000000001,accel,26.24596104698177,False
13188.106020199806,13.188106020199806,25.48696345357032,51.45821839309735,75.9,53.2,False,turn,9,60.00000000000001,accel,26.167319252358176,False
13193.238745511786,13.193238745511787,25.48697021276194,51.45816790221254,75.9,53.2,False,turn,9,60.00000000000001,accel,26.09091361406025,False
13198.353195512524,13.198353195512524,25.48697734983473,51.45811765838667,75.9,53.2,False,turn,9,60.00000000000001,accel,26.021926567040023,False
13203.47980131811,13.20347980131811,25.48698483350716,51.45806735330213,75.9,53.2,False,turn,9,60.00000000000001,accel,25.956845390199888,False
13208.610541397147,13.208610541397148,25.486992602815302,51.45801705908893,75.9,53.2,False,turn,9,60.00000000000001,accel,25.894723465144654,False
13213.70373059376,13.213703730593759,25.48700057248792,51.45796718201201,75.9,53.2,False,turn,9,60.00000000000001,accel,25.83506865769884,False
13218.75185607734,13.21875185607734,25.487008713043547,51.457917793780105,75.9,53.2,False,turn,9,60.00000000000001,accel,25.776620903940863,False
13223.73846214849,13.223738462148491,25.487017007191525,51.45786905880342,75.9,53.2,False,turn,9,60.00000000000001,accel,25.72093880709955,False
13228.57075358278,13.22857075358278,25.487025349098413,51.45782189607068,75.9,53.2,False,turn,9,60.00000000000001,accel,25.667840466359944,False
13233.472595449082,13.233472595449083,25.487034184512293,51.45777413651821,inf,inf,False,straight,-1,60.00000000000001,accel,25.61842040855494,False
13238.50688992138,13.23850688992138,25.48704360760212,51.45772516635314,inf,inf,False,straight,-1,60.00000000000001,accel,25.57044418893647,False
13243.537536869397,13.243537536869397,25.487053127567457,51.45767625602124,inf,inf,False,straight,-1,60.00000000000001,accel,25.52398075555896,False
13248.563371681132,13.248563371681131,25.487062676710423,51.45762740153599,inf,inf,False,straight,-1,60.00000000000001,accel,25.497050597925263,False
13253.506099571807,13.253506099571807,25.487071938878422,51.45757932451404,inf,inf,False,straight,-1,60.00000000000001,accel,25.48111406411587,False
13258.354094806791,13.25835409480679,25.48708086567208,51.45753213237378,inf,inf,False,straight,-1,60.00000000000001,accel,25.47322009303235,False
13263.286093934004,13.263286093934004,25.48708985870746,51.457484102313884,inf,inf,False,straight,-1,60.00000000000001,accel,25.48076558040852,False
13268.220894759299,13.268220894759299,25.487098778929447,51.45743602734643,inf,inf,False,straight,-1,60.00000000000001,accel,25.494882654807423,False
13273.159752201436,13.273159752201437,25.487107645453477,51.45738789916766,inf,inf,False,straight,-1,60.00000000000001,accel,25.520038452174568,False
13278.103823479356,13.278103823479356,25.487116472281507,51.45733970924668,inf,inf,False,straight,-1,60.00000000000001,accel,25.55457657652637,False
13283.059621066684,13.283059621066684,25.487125279400026,51.457291396017375,inf,inf,False,straight,-1,60.00000000000001,accel,25.596713229004227,False
13288.027857819163,13.288027857819163,25.487134073041343,51.457242953666565,inf,inf,False,straight,-1,60.00000000000001,accel,25.647490464061207,False
13293.003852825625,13.293003852825624,25.48714284694718,51.45719442831251,inf,inf,False,straight,-1,60.00000000000001,accel,25.70653082294086,False
13297.98829793891,13.29798829793891,25.48715160168724,51.45714581309529,inf,inf,False,straight,-1,60.00000000000001,accel,25.772986177989257,False
13302.98180326756,13.30298180326756,25.487160334847065,51.45709710133576,inf,inf,False,straight,-1,60.00000000000001,accel,25.847712103637058,False
13307.978929429964,13.307978929429964,25.487169029811625,51.45704834459404,inf,inf,False,straight,-1,60.00000000000001,accel,25.93153726390852,False
13312.9784972862,13.312978497286199,25.48717767428546,51.45699955222263,inf,inf,False,straight,-1,60.00000000000001,accel,26.01847143610709,False
13317.986191080383,13.317986191080383,25.487186264177552,51.45695066585423,inf,inf,False,straight,-1,60.00000000000001,accel,26.11518264891509,False
13323.001896284397,13.323001896284397,25.487194778685005,51.45690168237613,inf,inf,False,straight,-1,60.00000000000001,accel,26.229272362392777,False
13328.025539633494,13.328025539633494,25.48720318945042,51.45685259682698,inf,inf,False,straight,-1,60.00000000000001,accel,26.354292352289164,False
13332.936258666692,13.332936258666692,25.487211229574747,51.45680457732957,inf,inf,False,straight,-1,60.00000000000001,accel,26.49486992801301,False
13337.87049781676,13.33787049781676,25.48721910745362,51.45675628757836,inf,inf,False,straight,-1,60.00000000000001,accel,26.63932946005086,False
13342.922067434705,13.342922067434705,25.48722694755389,51.456706805634994,inf,inf,False,straight,-1,60.00000000000001,accel,26.7813728607034,False
13347.96715664188,13.34796715664188,25.487234616764205,51.45665735657608,inf,inf,False,straight,-1,60.00000000000001,accel,26.93394593158495,False
13353.011331238657,13.353011331238656,25.48724211812796,51.45660788550632,inf,inf,False,straight,-1,60.00000000000001,cruise,26.93838486753807,False
13358.144046204554,13.358144046204554,25.48724953417352,51.45655750673065,inf,inf,False,straight,-1,60.00000000000001,accel,26.84954531469384,False
13363.25657670395,13.36325657670395,25.487256710839446,51.45650728906984,inf,inf,False,straight,-1,60.00000000000001,cruise,26.93838486753807,False
13368.29357242296,13.368293572422958,25.487263557034208,51.45645777506008,inf,inf,False,straight,-1,60.00000000000001,accel,26.860008495305788,False
13373.283277921157,13.373283277921157,25.48727011079388,51.456408688295966,inf,inf,False,straight,-1,60.00000000000001,cruise,26.93838486753807,False
13378.245269460162,13.378245269460162,25.48727637455641,51.45635983390329,inf,inf,False,straight,-1,60.00000000000001,accel,26.861619381526456,False
13383.15325489246,13.383153254892461,25.48728225690776,51.45631146376419,inf,inf,False,straight,-1,60.00000000000001,cruise,26.93838486753807,False
13387.930005090591,13.387930005090592,25.4872875531678,51.456264326134566,inf,inf,False,straight,-1,60.00000000000001,accel,26.855147454324808,False
13392.650200402571,13.39265020040257,25.48729231228617,51.45621768488779,inf,inf,False,straight,-1,60.00000000000001,cruise,26.93838486753807,False
13397.343070914587,13.397343070914587,25.48729648652829,51.45617124874992,inf,inf,False,straight,-1,60.00000000000001,accel,26.84694716070264,False
13401.934187753654,13.401934187753653,25.48729985126941,51.45612574800527,inf,inf,False,straight,-1,60.00000000000001,cruise,26.93838486753807,False
13406.37678130032,13.40637678130032,25.487302181592685,51.45608164802822,inf,inf,False,straight,-1,60.00000000000001,accel,26.83207409488195,False
13410.698739762125,13.410698739762125,25.487303305026497,51.45603869075487,inf,inf,False,straight,-1,60.00000000000001,cruise,26.93838486753807,False
13414.891254697564,13.414891254697565,25.48730295953712,51.4559970045102,inf,inf,False,straight,-1,60.00000000000001,accel,26.81129834181105,False
13418.915709994642,13.418915709994643,25.487300794334267,51.455957058756944,inf,inf,False,straight,-1,60.00000000000001,cruise,26.888004918670056,False
13422.91779957818,13.42291779957818,25.487296755474443,51.45591751373136,inf,inf,False,straight,-1,60.00000000000001,cruise,26.731080725929235,False
13427.038974930949,13.427038974930948,25.487290558326208,51.45587710769504,inf,inf,False,straight,-1,60.00000000000001,cruise,26.5676467814087,False
13431.423438046728,13.431423438046728,25.48728168736596,51.455834620310185,inf,inf,False,straight,-1,60.00000000000001,cruise,26.39346527135947,False
13435.849162875222,13.435849162875222,25.48727022857114,51.45579246246624,inf,inf,False,straight,-1,60.00000000000001,cruise,26.204160781898807,False
13440.236611927361,13.44023661192736,25.487255675963496,51.45575188803154,79.1,57.9,False,turn,10,60.00000000000001,cruise,26.002657270892687,True
13444.803828991646,13.444803828991645,25.48723648190836,51.45571169613975,79.1,57.9,False,turn,10,60.00000000000001,cruise,25.774350009511927,False
13449.399549693413,13.449399549693412,25.48721239159464,51.45567449322922,79.1,57.9,False,turn,10,60.00000000000001,cruise,25.50905299206088,False
13453.922623300958,13.453922623300958,25.48718523714875,51.45564090704461,79.1,57.9,False,turn,10,60.00000000000001,cruise,25.207958284771667,False
13458.553081881333,13.458553081881334,25.48715497946119,51.4556091417072,79.1,57.9,False,turn,10,60.00000000000001,cruise,24.950176268369237,False
13463.272057759474,13.463272057759474,25.48712243682673,51.45557886388776,79.1,57.9,False,turn,10,60.00000000000001,cruise,24.723277760742807,False
13467.874208395142,13.467874208395141,25.48708941915972,51.455551091747466,79.1,57.9,False,turn,10,60.00000000000001,cruise,24.522647849191777,False
13472.600725522621,13.472600725522621,25.487054556239222,51.45552399903073,79.1,57.9,False,turn,10,60.00000000000001,cruise,24.340864928722382,False
13477.390014323919,13.47739001432392,25.487018561982275,51.45549762092082,79.1,57.9,False,turn,10,60.00000000000001,cruise,24.170858794481525,False
13482.173390746439,13.48217339074644,25.48698212999681,51.455472091706206,79.1,57.9,False,turn,10,60.00000000000001,cruise,24.013310371060115,False
13487.040934553826,13.487040934553827,25.48694468065289,51.455446776671984,79.1,57.9,False,turn,10,60.00000000000001,cruise,23.86623785252727,False
13491.947074508185,13.491947074508186,25.4869066656028,51.45542174973117,79.1,57.9,False,turn,10,60.00000000000001,cruise,23.724795009403596,False
13496.847968707556,13.496847968707556,25.48686849858804,51.45539710802003,79.1,57.9,False,turn,10,60.00000000000001,cruise,23.589631203725272,False
13501.73383526654,13.501733835266538,25.486830303813708,51.455372816034505,79.1,57.9,False,turn,10,60.00000000000001,cruise,23.459333367030755,False
13506.6312139543,13.5066312139543,25.486791901797517,51.45534869188204,79.1,57.9,False,turn,10,60.00000000000001,cruise,23.3332973252026,False
13511.554269725817,13.511554269725817,25.48675320134816,51.45532462974724,79.1,57.9,False,turn,10,60.00000000000001,cruise,23.21012270104836,False
13516.535255035315,13.516535255035315,25.48671395852485,51.45530045501793,79.1,57.9,False,turn,10,60.00000000000001,cruise,23.089179800798245,False
13521.499476326862,13.521499476326863,25.486674781585968,51.45527649249306,79.1,57.9,False,turn,10,60.00000000000001,cruise,22.9707089769425,False
13526.430332754006,13.526430332754005,25.48663581316007,51.45525280005595,79.1,57.9,False,turn,10,60.00000000000001,cruise,22.85793809674848,False
13531.388995694933,13.531388995694932,25.48659658085147,51.45522906229231,79.1,57.9,False,turn,10,60.00000000000001,cruise,22.751422896369373,False
13536.33246877576,13.53633246877576,25.486557427749155,51.45520547960038,79.1,57.9,False,turn,10,60.00000000000001,cruise,22.650241530914684,False
13541.231560458344,13.541231560458344,25.486518585506936,51.45518219070128,79.1,57.9,False,turn,10,60.00000000000001,accel,22.55531590513368,False
13546.139562526685,13.546139562526685,25.48647963289493,51.455158940016176,79.1,57.9,False,turn,10,60.00000000000001,accel,22.82278558844513,False
13551.116773395957,13.551116773395957,25.48644009023006,51.4551354445429,79.1,57.9,False,turn,10,60.00000000000001,accel,23.09093497771127,False
13556.126315397685,13.556126315397686,25.486400261441112,51.455111856300114,79.1,57.9,False,turn,10,60.00000000000001,accel,23.362379388328865,False
13561.123649454983,13.561123649454982,25.486360510584237,51.45508836477254,inf,inf,False,straight,-1,60.00000000000001,accel,23.632129902166355,False
13566.106817546843,13.566106817546842,25.486320855761587,51.45506497404997,inf,inf,False,straight,-1,60.00000000000001,accel,23.903147288745583,False
13571.126747449509,13.571126747449508,25.486280888090285,51.45504145259078,inf,inf,False,straight,-1,60.00000000000001,accel,24.174314208375176,False
13576.14300371432,13.57614300371432,25.48624093706225,51.45501797435317,inf,inf,False,straight,-1,60.00000000000001,accel,24.448849784245567,False
13581.139617971034,13.581139617971033,25.48620113275728,51.454994608112266,inf,inf,False,straight,-1,60.00000000000001,accel,24.732906239261176,False
13586.1509639394,13.586150963939401,25.48616119977005,51.45497119640496,inf,inf,False,straight,-1,60.00000000000001,accel,25.020548799255664,False
13591.170142233364,13.591170142233365,25.48612119583907,51.45494776577336,inf,inf,False,straight,-1,60.00000000000001,accel,25.31364971849511,False
13596.190531202243,13.596190531202243,25.486081175903863,51.45492434265993,inf,inf,False,straight,-1,60.00000000000001,accel,25.61269320137048,False
13601.205213673225,13.601205213673225,25.486041196724653,51.454900955986105,inf,inf,False,straight,-1,60.00000000000001,accel,25.91646249538589,False
13606.212048727997,13.606212048727997,25.48600127609189,51.45487761424296,inf,inf,False,straight,-1,60.00000000000001,accel,26.22509472596564,False
13611.221351208767,13.611221351208767,25.48596133136104,51.45485427018135,inf,inf,False,straight,-1,60.00000000000001,accel,26.53695265148933,False
13616.237802950796,13.616237802950796,25.485921325028126,51.45483090234205,inf,inf,False,straight,-1,60.00000000000001,accel,26.850394464856397,False
13621.255764282281,13.621255764282282,25.48588130234013,51.4548075364389,inf,inf,False,straight,-1,60.00000000000001,accel,27.16303590909037,False
13626.260534102395,13.626260534102395,25.48584138080645,51.45478424040088,inf,inf,False,straight,-1,60.00000000000001,accel,27.471444699195544,False
13631.251843165031,13.631251843165032,25.48580156250269,51.45476101563515,inf,inf,False,straight,-1,60.00000000000001,accel,27.771993209450724,False
13636.254107444953,13.636254107444953,25.485761651813792,51.45473775027728,inf,inf,False,straight,-1,60.00000000000001,accel,28.061744138399987,False
13641.255492320253,13.641255492320253,25.48572174548433,51.45471449454072,inf,inf,False,straight,-1,60.00000000000001,accel,28.3396894439348,False
13646.266354102778,13.646266354102778,25.485681760389514,51.45469120129486,inf,inf,False,straight,-1,60.00000000000001,accel,28.60294430496049,False
13651.282223274195,13.651282223274194,25.48564173314678,51.45466788933512,inf,inf,False,straight,-1,60.00000000000001,accel,28.84861815820341,False
13656.287526079988,13.656287526079987,25.485601791644317,51.45464462352712,inf,inf,False,straight,-1,60.00000000000001,accel,29.074949847330014,False
13661.292157817417,13.661292157817417,25.485561856862912,51.45462135799303,inf,inf,False,straight,-1,60.00000000000001,cruise,29.279598023147702,False
13666.294030041317,13.666294030041318,25.48552194653727,51.454598100214405,inf,inf,False,straight,-1,60.00000000000001,cruise,29.247608921395205,False
13671.298503211801,13.671298503211801,25.48548201859659,51.45457482380895,inf,inf,False,straight,-1,60.00000000000001,cruise,29.195921107654925,False
13676.31129843501,13.67631129843501,25.48544202829717,51.45455150029306,inf,inf,False,straight,-1,60.00000000000001,cruise,29.12380526121366,False
13681.315608435156,13.681315608435156,25.485402111631945,51.4545282038991,inf,inf,False,straight,-1,60.00000000000001,cruise,29.032794283124066,False
13686.310642118648,13.686310642118647,25.48536227547188,51.45450493715302,inf,inf,False,straight,-1,60.00000000000001,cruise,28.925572844650294,False
13691.318401364053,13.691318401364052,25.48532234382816,51.45448159866119,inf,inf,False,straight,-1,60.00000000000001,cruise,28.80340122533651,False
13696.324075053762,13.696324075053763,25.485282435427123,51.45445825616602,inf,inf,False,straight,-1,60.00000000000001,cruise,28.668058781521943,False
13701.322337459931,13.701322337459931,25.48524259354965,51.45443493281143,inf,inf,False,straight,-1,60.00000000000001,cruise,28.521023259063,False
13706.33504392805,13.70633504392805,25.485202644145115,51.45441152629256,inf,inf,False,straight,-1,60.00000000000001,cruise,28.36356233698846,False
13711.353567249555,13.711353567249555,25.485162657305477,51.45438807414229,inf,inf,False,straight,-1,60.00000000000001,cruise,28.196724700376933,False
13716.353900484683,13.716353900484682,25.48512282726956,51.454364682459904,inf,inf,False,straight,-1,60.00000000000001,cruise,28.02312191640685,False
13721.369960568038,13.721369960568037,25.48508288043484,51.45434119970931,inf,inf,False,straight,-1,60.00000000000001,cruise,27.846460527307688,False
13726.371734122049,13.726371734122049,25.48504306032026,51.45431775714046,inf,inf,False,straight,-1,60.00000000000001,cruise,27.666204821929664,False
13731.350768192708,13.731350768192709,25.485003434540648,51.45429439375347,inf,inf,False,straight,-1,60.00000000000001,cruise,27.48950286822561,False
13736.356221469192,13.736356221469192,25.484963607897,51.454270887075936,inf,inf,False,straight,-1,60.00000000000001,cruise,27.316751661602467,False
13741.368022001283,13.741368022001282,25.48492374011238,51.4542473313542,inf,inf,False,straight,-1,60.00000000000001,cruise,27.1425086401654,False
13746.361057351693,13.746361057351693,25.484884032220783,51.45422384203297,inf,inf,False,straight,-1,60.00000000000001,cruise,26.980087319235583,False
13751.353518065298,13.751353518065297,25.48484433778105,51.45420033720558,inf,inf,False,straight,-1,60.00000000000001,cruise,26.82156478684066,False
13756.353201521992,13.756353201521991,25.48480459453544,51.45417678071541,inf,inf,False,straight,-1,60.00000000000001,cruise,26.670890362105887,False
13761.35408155668,13.761354081556679,25.484764851214617,51.4541531992795,inf,inf,False,straight,-1,60.00000000000001,cruise,26.526743022701105,False
13766.34956642586,13.76634956642586,25.48472516189718,51.4541296205446,inf,inf,False,straight,-1,60.00000000000001,cruise,26.38830479918479,False
13771.353877086993,13.771353877086993,25.484685415613328,51.45410597330345,inf,inf,False,straight,-1,60.00000000000001,cruise,26.26079308567236,False
13776.381948552162,13.776381948552162,25.484645496842703,51.45408218071034,inf,inf,False,straight,-1,60.00000000000001,cruise,26.145768694181324,False
13781.394270421086,13.781394270421085,25.484605725130965,51.45405841787005,inf,inf,False,straight,-1,60.00000000000001,cruise,26.052489756200732,False
13786.409224723047,13.786409224723048,25.48456595741201,51.45403459209062,inf,inf,False,straight,-1,60.00000000000001,cruise,25.97423255780811,False
13791.406709564979,13.79140670956498,25.48452636201486,51.45401078099724,inf,inf,False,straight,-1,60.00000000000001,cruise,25.909530566254386,False
13796.397917635177,13.796397917635177,25.484486857692435,51.45398691657933,inf,inf,False,straight,-1,60.00000000000001,cruise,25.8611652813515,False
13801.400613140839,13.801400613140839,25.48444731375532,51.45396289447141,inf,inf,False,straight,-1,60.00000000000001,cruise,25.822040299713848,False
13806.39300986219,13.80639300986219,25.484407921986737,51.45393878101679,inf,inf,False,straight,-1,60.00000000000001,cruise,25.787777565113675,False
13811.365294795985,13.811365294795985,25.484368784839724,51.45391457552409,inf,inf,False,straight,-1,60.00000000000001,cruise,25.75843068879823,False
13816.4119543671,13.8164119543671,25.484329179279275,51.4538897798382,inf,inf,False,straight,-1,60.00000000000001,cruise,25.730271901992648,False
13821.512566578476,13.821512566578477,25.484289310394345,51.45386441130685,inf,inf,False,straight,-1,60.00000000000001,cruise,25.70396815295157,False
13826.574782095073,13.826574782095072,25.484249975893093,51.45383879222646,inf,inf,False,straight,-1,60.00000000000001,cruise,25.68149157731996,False
13831.653133193893,13.831653133193893,25.48421081615768,51.453812540361,inf,inf,False,straight,-1,60.00000000000001,cruise,25.65735905816096,False
13836.755916439524,13.836755916439524,25.484171881663688,51.453785427669686,inf,inf,False,straight,-1,60.00000000000001,cruise,25.631218753999818,False
13841.842078151458,13.841842078151458,25.48413367051147,51.45375739084245,inf,inf,False,straight,-1,60.00000000000001,cruise,25.600161242106918,False
13846.900474400993,13.846900474400993,25.48409654418311,51.45372810975461,inf,inf,False,straight,-1,60.00000000000001,cruise,25.56009313967154,False
13851.980569538917,13.851980569538917,25.484060556737404,51.4536968020951,inf,inf,False,straight,-1,60.00000000000001,cruise,25.50840691218816,False
13857.130149491728,13.857130149491727,25.484026029706445,51.45366251794015,inf,inf,False,straight,-1,60.00000000000001,cruise,25.441011274553727,False
13862.311175685509,13.862311175685509,25.48399429884579,51.45362467187473,inf,inf,False,straight,-1,60.00000000000001,cruise,25.35154044481045,False
13867.50999351744,13.86750999351744,25.48396687666757,51.45358272141035,inf,inf,False,straight,-1,60.00000000000001,cruise,25.22945937509494,False
13872.751380141706,13.872751380141706,25.48394354413089,51.45353738220468,inf,inf,False,straight,-1,60.00000000000001,cruise,25.06274954658459,False
13878.007611363975,13.878007611363975,25.48392456403409,51.45348948113904,inf,inf,False,straight,-1,60.00000000000001,cruise,24.90037856858572,False
13883.246577876333,13.883246577876333,25.483909330793747,51.45344016436912,78.0,56.3,False,turn,11,60.00000000000001,cruise,24.730425956059182,True
13888.515101371553,13.888515101371553,25.483897316929728,51.45338947623436,78.0,56.3,False,turn,11,60.00000000000001,cruise,24.580445493013247,False
13893.75322507921,13.89375322507921,25.48388863294979,51.45333827725344,78.0,56.3,False,turn,11,60.00000000000001,cruise,24.433022862860224,False
13898.942829798452,13.898942829798452,25.48388368141676,51.453286963843695,78.0,56.3,False,turn,11,60.00000000000001,cruise,24.274310146019275,False
13904.183758603947,13.904183758603947,25.48388314213775,51.45323485441702,78.0,56.3,False,turn,11,60.00000000000001,accel,24.08908793237885,False
13909.43645050871,13.90943645050871,25.48388822904397,51.45318292608761,78.0,56.3,False,turn,11,60.00000000000001,accel,24.196353850924503,False
13914.61509773718,13.91461509773718,25.48389787372776,51.45313254043959,78.0,56.3,False,turn,11,60.00000000000001,accel,24.29442576722008,False
13919.819801247073,13.919819801247073,25.483911762370912,51.45308310080825,78.0,56.3,False,turn,11,60.00000000000001,accel,24.365685838713446,False
13925.05894501015,13.92505894501015,25.48392983092801,51.45303495770767,78.0,56.3,False,turn,11,60.00000000000001,accel,24.40043037463724,False
13930.256317446503,13.930256317446503,25.483951592603404,51.45298917377064,78.0,56.3,False,turn,11,60.00000000000001,accel,24.438893823433656,False
13935.397093864818,13.935397093864818,25.483977083922976,51.45294645988703,78.0,56.3,False,turn,11,60.00000000000001,accel,24.467486912724286,False
13940.570932381906,13.940570932381906,25.48400611253716,51.45290615866881,78.0,56.3,False,turn,11,60.00000000000001,accel,24.474793873453752,False
13945.651914524202,13.945651914524202,25.48403731831146,51.452869132777806,78.0,56.3,False,turn,11,60.00000000000001,accel,24.480235268320897,False
13950.657856045893,13.950657856045893,25.484070533603465,51.45283538372675,78.0,56.3,False,turn,11,60.00000000000001,accel,24.47518393086849,False
13955.666679108745,13.955666679108745,25.48410544132653,51.45280373003563,78.0,56.3,False,turn,11,60.00000000000001,accel,24.48595211629541,False
13960.63586354048,13.96063586354048,25.48414121259829,51.4527739174174,78.0,56.3,False,turn,11,60.00000000000001,accel,24.51826534438156,False
13965.604986307302,13.965604986307302,25.4841778057345,51.45274534178062,78.0,56.3,False,turn,11,60.00000000000001,accel,24.569926095829977,False
13970.687741741383,13.970687741741383,25.484215857442663,51.45271710362727,78.0,56.3,False,turn,11,60.00000000000001,accel,24.638019380461596,False
13975.78111626848,13.975781116268479,25.48425439958239,51.452689490263865,78.0,56.3,False,turn,11,60.00000000000001,accel,24.72046762236224,False
13980.859669998943,13.980859669998942,25.484293107967893,51.45266243459324,78.0,56.3,False,turn,11,60.00000000000001,accel,24.82508829029463,False
13985.94709867161,13.985947098671609,25.48433210143202,51.45263571284372,78.0,56.3,False,turn,11,60.00000000000001,accel,24.94262664480943,False
13990.996181280334,13.990996181280334,25.48437094575057,51.452609450565056,78.0,56.3,False,turn,11,60.00000000000001,accel,25.0694214206587,False
13996.016354006186,13.996016354006185,25.484409675196527,51.45258353265233,78.0,56.3,False,turn,11,60.00000000000001,accel,25.20496428064512,False
14001.03733207295,14.00103733207295,25.484448497222584,51.4525577678322,78.0,56.3,False,turn,11,60.00000000000001,accel,25.345444619613605,False
14006.048831395028,14.006048831395027,25.48448731077956,51.4525321705371,78.0,56.3,False,turn,11,60.00000000000001,accel,25.488768265807664,False
14011.055263849117,14.011055263849117,25.48452613670083,51.45250669431231,78.0,56.3,False,turn,11,60.00000000000001,accel,25.6325530841423,False
14016.047944302809,14.016047944302809,25.48456489711868,51.45248136430997,78.0,56.3,False,turn,11,60.00000000000001,accel,25.775049646972786,False
14021.068423777491,14.021068423777491,25.484603916355358,51.452455973285815,78.0,56.3,False,turn,11,60.00000000000001,accel,25.915252593718552,False
14026.093747727702,14.026093747727701,25.484643005625436,51.45243061823901,78.0,56.3,False,turn,11,60.00000000000001,accel,26.05170133645539,False
14031.095338543044,14.031095338543045,25.48468193465947,51.45240542858208,78.0,56.3,False,turn,11,60.00000000000001,accel,26.183209814947425,False
14036.097074702047,14.036097074702047,25.484720887124723,51.45238028005707,78.0,56.3,False,turn,11,60.00000000000001,accel,26.306990747774385,False
14041.1022089799,14.0411022089799,25.48475988618483,51.45235515231914,78.0,56.3,False,turn,11,60.00000000000001,accel,26.421540102678875,False
14046.102911402775,14.046102911402775,25.484798868330124,51.4523300800376,78.0,56.3,False,turn,11,60.00000000000001,accel,26.524548197231542,False
14051.097494745783,14.051097494745784,25.484837820841985,51.45230507255095,78.0,56.3,False,turn,11,60.00000000000001,accel,26.60832852606661,False
14056.098981290272,14.05609898129027,25.484876847396183,51.4522800687265,inf,inf,False,straight,-1,60.00000000000001,accel,26.684772704496623,False
14061.091055481751,14.061091055481752,25.484915819896493,51.452255148716766,inf,inf,False,straight,-1,60.00000000000001,accel,26.74499995001481,False
14066.102437440275,14.066102437440275,25.48495496855597,51.4522301806352,inf,inf,False,straight,-1,60.00000000000001,accel,26.78735264858097,False
14071.111566098609,14.071111566098608,25.484994133122,51.45220528764134,inf,inf,False,straight,-1,60.00000000000001,accel,26.82073490791044,False
14076.14032003191,14.076140320031909,25.485033495876504,51.45218038273552,inf,inf,False,straight,-1,60.00000000000001,accel,26.829570007577036,False
14081.188225439557,14.081188225439558,25.48507306825468,51.45215549785252,inf,inf,False,straight,-1,60.00000000000001,accel,26.81859898776584,False
14086.155671656825,14.086155671656824,25.485112121774403,51.45213122678413,inf,inf,False,straight,-1,60.00000000000001,accel,26.793118959691395,False
14091.073338432427,14.091073338432427,25.485150883582616,51.45210739454166,inf,inf,False,straight,-1,60.00000000000001,accel,26.75328375003359,False
14096.068045903377,14.096068045903378,25.48519034359084,51.452083369317,inf,inf,False,straight,-1,60.00000000000001,accel,26.70554543451724,False
14101.055368375826,14.101055368375826,25.485229806478248,51.45205950203528,inf,inf,False,straight,-1,60.00000000000001,accel,26.658178105775136,False
14106.057453614416,14.106057453614415,25.4852694414777,51.45203567538592,inf,inf,False,straight,-1,60.00000000000001,accel,26.60615495089733,False
14111.079525646355,14.111079525646355,25.48530928309161,51.452011851170695,inf,inf,False,straight,-1,60.00000000000001,accel,26.550048725755865,False
14116.088852929519,14.116088852929519,25.48534906397705,51.45198816953543,inf,inf,False,straight,-1,60.00000000000001,accel,26.49190355830577,False
14121.07481759806,14.12107481759806,25.485388695429343,51.4519646720731,inf,inf,False,straight,-1,60.00000000000001,accel,26.438348421158587,False
14126.060964083877,14.126060964083877,25.485428356653262,51.45194123181727,inf,inf,False,straight,-1,60.00000000000001,accel,26.39433944350344,False
14131.065408619388,14.131065408619389,25.48546818612348,51.45191775220179,inf,inf,False,straight,-1,60.00000000000001,accel,26.35401406217876,False
14136.073526789021,14.136073526789021,25.48550805849946,51.45189428350526,inf,inf,False,straight,-1,60.00000000000001,accel,26.32804548871184,False
14141.086879659226,14.141086879659225,25.48554798111206,51.45187080793377,inf,inf,False,straight,-1,60.00000000000001,accel,26.311762969635684,False
14146.08663950609,14.14608663950609,25.48558779602258,51.45184739713287,inf,inf,False,straight,-1,60.00000000000001,cruise,26.31833181725876,False
14151.068463753605,14.151068463753605,25.485627466503608,51.45182406700821,inf,inf,False,straight,-1,60.00000000000001,cruise,26.08200698817692,False
14156.067381110119,14.15606738111012,25.48566727059681,51.45180065167628,inf,inf,False,straight,-1,60.00000000000001,cruise,25.862592634328674,False
14161.06695801977,14.16106695801977,25.485707078954643,51.45177723121904,inf,inf,False,straight,-1,60.00000000000001,cruise,25.657633578764564,False
14166.066728413807,14.166066728413806,25.485746888206183,51.45175380852134,inf,inf,False,straight,-1,60.00000000000001,cruise,25.45962825853779,False
14171.066681213102,14.171066681213102,25.48578669851825,51.45173038416108,inf,inf,False,straight,-1,60.00000000000001,cruise,25.268651097061124,False
14176.066845224004,14.176066845224005,25.48582651034028,51.45170695845716,inf,inf,False,straight,-1,60.00000000000001,cruise,25.091082700613452,False
14181.067041374763,14.181067041374764,25.48586632246847,51.451683532706326,inf,inf,False,straight,-1,60.00000000000001,cruise,24.925840494876223,False
14186.068144177956,14.186068144177955,25.4859061420166,51.451660103122485,inf,inf,False,straight,-1,60.00000000000001,cruise,24.77184319718266,False
14191.07105218917,14.191071052189171,25.48594597633045,51.45163666589063,inf,inf,False,straight,-1,60.00000000000001,cruise,24.633758167224272,False
14196.071338906742,14.196071338906743,25.48598579087904,51.45161324322003,inf,inf,False,straight,-1,60.00000000000001,cruise,24.502203593147648,False
14201.072674506164,14.201072674506165,25.48602561461222,51.45158981735421,inf,inf,False,straight,-1,60.00000000000001,cruise,24.376905938152145,False
14206.073838913951,14.206073838913952,25.486065438266603,51.45156639493968,inf,inf,False,straight,-1,60.00000000000001,cruise,24.25488011647549,False
14211.06547240331,14.21106547240331,25.486105188546336,51.45154302235947,inf,inf,False,straight,-1,60.00000000000001,cruise,24.135503788482985,False
14216.0608578051,14.2160608578051,25.486144970487285,51.45151963589196,inf,inf,False,straight,-1,60.00000000000001,cruise,24.017667467298526,False
14221.065593087484,14.221065593087484,25.486184828383205,51.45149620873787,inf,inf,False,straight,-1,60.00000000000001,cruise,23.89985892764343,False
14226.065951861014,14.226065951861013,25.486224653053466,51.45147280543348,inf,inf,False,straight,-1,60.00000000000001,cruise,23.78189625554744,False
14231.066894605361,14.23106689460536,25.486264483660825,51.451449402051686,inf,inf,False,straight,-1,60.00000000000001,cruise,23.66406296309896,False
14236.073846862999,14.236073846862999,25.486304363084027,51.45142597251342,inf,inf,False,straight,-1,60.00000000000001,cruise,23.54493540156477,False
14241.076728924285,14.241076728924284,25.486344211392744,51.451402564714286,inf,inf,False,straight,-1,60.00000000000001,cruise,23.42163649134734,False
14246.077708877629,14.246077708877628,25.48638404549581,51.45137916776651,inf,inf,False,straight,-1,60.00000000000001,cruise,23.293797407121517,False
14251.07865326262,14.25107865326262,25.48642387998721,51.45135577237268,inf,inf,False,straight,-1,60.00000000000001,cruise,23.161349133014305,False
14256.082055589823,14.256082055589822,25.486463734466696,51.451332366326376,inf,inf,False,straight,-1,60.00000000000001,cruise,23.02574876743797,False
14261.083060048722,14.261083060048723,25.48650357052683,51.45130897290404,inf,inf,False,straight,-1,60.00000000000001,cruise,22.88846472307374,False
14266.082552927195,14.266082552927195,25.486543395122798,51.4512855877437,inf,inf,False,straight,-1,60.00000000000001,cruise,22.750358454805383,False
14271.084799464701,14.2710847994647,25.48658324193232,51.45126219027893,inf,inf,False,straight,-1,60.00000000000001,cruise,22.611412441908964,False
14276.087114678125,14.276087114678125,25.486623089737517,51.45123879342,inf,inf,False,straight,-1,60.00000000000001,cruise,22.47230487519541,False
14281.087831193716,14.281087831193716,25.486662925395425,51.45121540525314,inf,inf,False,straight,-1,60.00000000000001,cruise,22.33147696673559,False
14286.088448365523,14.286088448365522,25.48670276082872,51.45119201872227,inf,inf,False,straight,-1,60.00000000000001,cruise,22.18732151786468,False
14291.088978877046,14.291088978877045,25.48674259625792,51.45116863401507,inf,inf,False,straight,-1,60.00000000000001,cruise,22.03649241796809,False
14296.091281494886,14.296091281494887,25.48678244655816,51.45114524257933,inf,inf,False,straight,-1,60.00000000000001,cruise,21.87806243711297,False
14301.09177260755,14.301091772607549,25.48682228362878,51.45112186209836,inf,inf,False,straight,-1,60.00000000000001,cruise,21.7101843655313,False
14306.092171293081,14.30609217129308,25.4868621213897,51.451098484999264,inf,inf,False,straight,-1,60.00000000000001,cruise,21.53195412914137,False
14311.094607823374,14.311094607823375,25.486901977140768,51.45107510200207,inf,inf,False,straight,-1,60.00000000000001,cruise,21.34227735047812,False
14316.095028301386,14.316095028301387,25.48694181939562,51.451051733736726,inf,inf,False,straight,-1,60.00000000000001,cruise,21.13646686734952,False
14321.0954214718,14.321095421471801,25.48698166467651,51.4510283723106,inf,inf,False,straight,-1,60.00000000000001,cruise,20.918550774490456,False
14326.075630734418,14.326075630734419,25.48702135454435,51.45100511640454,inf,inf,False,straight,-1,60.00000000000001,cruise,20.694554128793552,False
14331.075817819205,14.331075817819205,25.48706120832837,51.4509817769496,inf,inf,False,straight,-1,60.00000000000001,cruise,20.46144308197258,False
14336.096116450542,14.336096116450543,25.487101227368505,51.45095835389496,inf,inf,False,straight,-1,60.00000000000001,cruise,20.22374327902528,False
14341.098832456148,14.341098832456147,25.48714111252155,51.45093502588197,inf,inf,False,straight,-1,60.00000000000001,cruise,19.97729951238619,False
14346.101752484046,14.346101752484046,25.48718100439771,51.45091170749383,inf,inf,False,straight,-1,60.00000000000001,cruise,19.722405148653937,False
14351.12474456029,14.35112474456029,25.48722106050256,51.4508883042293,inf,inf,False,straight,-1,60.00000000000001,cruise,19.46295284004136,False
14356.127454851458,14.356127454851457,25.487260962420724,51.4508650111517,inf,inf,False,straight,-1,60.00000000000001,cruise,19.19958814989456,False
14361.106962512797,14.361106962512796,25.487300686514654,51.450841841165605,inf,inf,False,straight,-1,60.00000000000001,cruise,18.934337264403048,False
14366.107807626768,14.366107807626769,25.487340583757494,51.45081857798928,inf,inf,False,straight,-1,60.00000000000001,cruise,18.66650091682816,False
14371.102827575687,14.371102827575687,25.48738043828347,51.45079534973052,inf,inf,False,straight,-1,60.00000000000001,cruise,18.393708480245092,False
14376.10346399423,14.37610346399423,25.487420339844764,51.45077209998086,inf,inf,False,straight,-1,60.00000000000001,cruise,18.117886173097897,False
14381.104203539106,14.381104203539106,25.48746024417457,51.45074885380384,inf,inf,False,straight,-1,60.00000000000001,cruise,17.83995253962197,False
14386.098714746895,14.386098714746895,25.487500100677785,51.450725640482425,inf,inf,False,straight,-1,60.00000000000001,cruise,17.560161304228192,False
14391.096154605624,14.391096154605624,25.48753998151012,51.45070241554592,inf,inf,False,straight,-1,60.00000000000001,cruise,17.28040073270935,False
14396.10000351077,14.39610000351077,25.487579913938266,51.45067916176187,inf,inf,False,straight,-1,60.00000000000001,cruise,17.003447615405538,False
14401.100785068702,14.401100785068701,25.48761982257434,51.45065592366265,inf,inf,False,straight,-1,60.00000000000001,cruise,16.724710399117484,False
14406.09823005819,14.406098230058191,25.4876597050127,51.45063270196355,inf,inf,False,straight,-1,60.00000000000001,cruise,16.453749289276136,False
14411.10251115414,14.41110251115414,25.48769964159022,51.45060944763038,inf,inf,False,straight,-1,60.00000000000001,cruise,16.194793273812,False
14416.107067758701,14.416107067758702,25.48773958004055,51.45058619133788,inf,inf,False,straight,-1,60.00000000000001,cruise,15.949772173117305,False
14421.104678690412,14.421104678690412,25.48777946283653,51.45056296685328,inf,inf,False,straight,-1,60.00000000000001,accel,15.730034840793476,False
14426.102206072625,14.426102206072624,25.48781934383065,51.45053974039186,inf,inf,False,straight,-1,60.00000000000001,cruise,15.740390885417575,False
14431.10345187899,14.43110345187899,25.487859252564714,51.45051649262057,inf,inf,False,straight,-1,60.00000000000001,accel,15.557533866978511,False
14436.10481991664,14.43610481991664,25.48789915986457,51.45049323926269,inf,inf,False,straight,-1,60.00000000000001,cruise,15.740390885417575,False
14441.106317651258,14.441106317651258,25.487939064878827,51.4504699783885,inf,inf,False,straight,-1,60.00000000000001,accel,15.5862422476832,False
14446.107951857763,14.446107951857762,25.487978966474643,51.45044670749957,inf,inf,False,straight,-1,60.00000000000001,cruise,15.740390885417575,False
14451.109727911733,14.451109727911733,25.488018863132663,51.4504234233274,inf,inf,False,straight,-1,60.00000000000001,accel,15.611500509452252,False
14456.111649118178,14.456111649118178,25.48805875281056,51.45040012156783,inf,inf,False,straight,-1,60.00000000000001,cruise,15.740390885417575,False
14461.113715541806,14.461113715541806,25.488098632759343,51.45037679653131,inf,inf,False,straight,-1,60.00000000000001,accel,15.634289296688385,False
14466.111584790095,14.466111584790095,25.48813846500803,51.45035346155402,inf,inf,False,straight,-1,60.00000000000001,cruise,15.740390885417575,False
14471.14031023994,14.47114031023994,25.488178521472857,51.450329937612906,inf,inf,False,straight,-1,60.00000000000001,accel,15.652768812214097,False
14476.11172247341,14.47611172247341,25.488218099258084,51.45030663607172,inf,inf,False,straight,-1,60.00000000000001,cruise,15.740390885417575,False
14481.077525775989,14.481077525775989,25.488257593593293,51.45028328103801,inf,inf,False,straight,-1,60.00000000000001,accel,15.652230633028203,False
14486.102558984205,14.486102558984205,25.48829749998167,51.45025952673561,inf,inf,False,straight,-1,60.00000000000001,cruise,15.740390885417575,False
14491.106354460053,14.491106354460053,25.48833715742829,51.45023570990412,inf,inf,False,straight,-1,60.00000000000001,accel,15.646355119042695,False
14496.05883513498,14.49605883513498,25.48837629558347,51.450211911235925,inf,inf,False,straight,-1,60.00000000000001,cruise,15.740390885417575,False
14500.770392853497,14.500770392853498,25.488413374327223,51.45018896281744,inf,inf,False,straight,-1,60.00000000000001,accel,15.640704412915312,False
